Pathway,0,1,2,3,4,5,6,7,8,9,10,11,12,13,14,15,16,17,18,19,20,21,22,23,24,25,26,27,28,29,30,31,32,33,34,35,36,37,38,39,40,41,42,43,44,45,46,47,48,49,50,51,52,53,54,55,56,57,58,59,60,61,62,63,64,65,66,67,68,69,70,71,72,73,74,75,76,77,78,79,80,81,82,83,84,85,86,87,88,89,90,91,92,93,94,95,96,Number genes represented in pathway
hsa00010,226,220,3098,669,5224,2597,5213,5232,10327,8789,,,,,,,,,,,,,,,,,,,,,,,,,,,,,,,,,,,,,,,,,,,,,,,,,,,,,,,,,,,,,,,,,,,,,,,,,,,,,,,,,,,,,,,,10
hsa00020,3419,3418,6389,50,1743,,,,,,,,,,,,,,,,,,,,,,,,,,,,,,,,,,,,,,,,,,,,,,,,,,,,,,,,,,,,,,,,,,,,,,,,,,,,,,,,,,,,,,,,,,,,,5
hsa00030,226,6120,5213,6888,8789,,,,,,,,,,,,,,,,,,,,,,,,,,,,,,,,,,,,,,,,,,,,,,,,,,,,,,,,,,,,,,,,,,,,,,,,,,,,,,,,,,,,,,,,,,,,,5
hsa00040,6120,2990,10720,10327,,,,,,,,,,,,,,,,,,,,,,,,,,,,,,,,,,,,,,,,,,,,,,,,,,,,,,,,,,,,,,,,,,,,,,,,,,,,,,,,,,,,,,,,,,,,,,4
hsa00051,226,3098,29926,5213,8789,,,,,,,,,,,,,,,,,,,,,,,,,,,,,,,,,,,,,,,,,,,,,,,,,,,,,,,,,,,,,,,,,,,,,,,,,,,,,,,,,,,,,,,,,,,,,5
hsa00052,3098,2683,2720,5213,2717,2584,,,,,,,,,,,,,,,,,,,,,,,,,,,,,,,,,,,,,,,,,,,,,,,,,,,,,,,,,,,,,,,,,,,,,,,,,,,,,,,,,,,,,,,,,,,,6
hsa00053,10720,,,,,,,,,,,,,,,,,,,,,,,,,,,,,,,,,,,,,,,,,,,,,,,,,,,,,,,,,,,,,,,,,,,,,,,,,,,,,,,,,,,,,,,,,,,,,,,,,1
hsa00061,,,,,,,,,,,,,,,,,,,,,,,,,,,,,,,,,,,,,,,,,,,,,,,,,,,,,,,,,,,,,,,,,,,,,,,,,,,,,,,,,,,,,,,,,,,,,,,,,,0
hsa00062,10449,,,,,,,,,,,,,,,,,,,,,,,,,,,,,,,,,,,,,,,,,,,,,,,,,,,,,,,,,,,,,,,,,,,,,,,,,,,,,,,,,,,,,,,,,,,,,,,,,1
hsa00071,35,10449,30,1632,36,,,,,,,,,,,,,,,,,,,,,,,,,,,,,,,,,,,,,,,,,,,,,,,,,,,,,,,,,,,,,,,,,,,,,,,,,,,,,,,,,,,,,,,,,,,,,5
hsa00072,622,,,,,,,,,,,,,,,,,,,,,,,,,,,,,,,,,,,,,,,,,,,,,,,,,,,,,,,,,,,,,,,,,,,,,,,,,,,,,,,,,,,,,,,,,,,,,,,,,1
hsa00100,10682,6713,1594,1595,1717,,,,,,,,,,,,,,,,,,,,,,,,,,,,,,,,,,,,,,,,,,,,,,,,,,,,,,,,,,,,,,,,,,,,,,,,,,,,,,,,,,,,,,,,,,,,,5
hsa00120,570,6342,1593,1109,10858,6718,,,,,,,,,,,,,,,,,,,,,,,,,,,,,,,,,,,,,,,,,,,,,,,,,,,,,,,,,,,,,,,,,,,,,,,,,,,,,,,,,,,,,,,,,,,,6
hsa00130,3242,1728,6898,,,,,,,,,,,,,,,,,,,,,,,,,,,,,,,,,,,,,,,,,,,,,,,,,,,,,,,,,,,,,,,,,,,,,,,,,,,,,,,,,,,,,,,,,,,,,,,3
hsa00140,6716,3293,6718,1312,1551,412,8630,10720,1109,1585,3284,1583,,,,,,,,,,,,,,,,,,,,,,,,,,,,,,,,,,,,,,,,,,,,,,,,,,,,,,,,,,,,,,,,,,,,,,,,,,,,,,,,,,,,,,12
hsa00190,1337,9296,6389,1340,1349,10975,533,1537,29796,4710,1355,535,4722,10632,537,4704,4705,4711,9551,10312,4537,4512,4709,4716,4708,,,,,,,,,,,,,,,,,,,,,,,,,,,,,,,,,,,,,,,,,,,,,,,,,,,,,,,,,,,,,,,,,,,,,,,,,25
hsa00220,2746,2752,2744,2747,445,435,,,,,,,,,,,,,,,,,,,,,,,,,,,,,,,,,,,,,,,,,,,,,,,,,,,,,,,,,,,,,,,,,,,,,,,,,,,,,,,,,,,,,,,,,,,,6
hsa00230,,,,,,,,,,,,,,,,,,,,,,,,,,,,,,,,,,,,,,,,,,,,,,,,,,,,,,,,,,,,,,,,,,,,,,,,,,,,,,,,,,,,,,,,,,,,,,,,,,0
hsa00232,,,,,,,,,,,,,,,,,,,,,,,,,,,,,,,,,,,,,,,,,,,,,,,,,,,,,,,,,,,,,,,,,,,,,,,,,,,,,,,,,,,,,,,,,,,,,,,,,,0
hsa00240,4832,1633,1503,4833,790,957,1854,9583,22978,30833,978,,,,,,,,,,,,,,,,,,,,,,,,,,,,,,,,,,,,,,,,,,,,,,,,,,,,,,,,,,,,,,,,,,,,,,,,,,,,,,,,,,,,,,,11
hsa00250,2746,2752,2744,790,2747,445,435,18,2673,2571,,,,,,,,,,,,,,,,,,,,,,,,,,,,,,,,,,,,,,,,,,,,,,,,,,,,,,,,,,,,,,,,,,,,,,,,,,,,,,,,,,,,,,,,10
hsa00260,669,9380,5224,1491,1610,,,,,,,,,,,,,,,,,,,,,,,,,,,,,,,,,,,,,,,,,,,,,,,,,,,,,,,,,,,,,,,,,,,,,,,,,,,,,,,,,,,,,,,,,,,,,5
hsa00270,2937,1491,6723,10768,587,586,1786,6898,,,,,,,,,,,,,,,,,,,,,,,,,,,,,,,,,,,,,,,,,,,,,,,,,,,,,,,,,,,,,,,,,,,,,,,,,,,,,,,,,,,,,,,,,,8
hsa00280,35,10449,594,30,549,587,18,586,36,,,,,,,,,,,,,,,,,,,,,,,,,,,,,,,,,,,,,,,,,,,,,,,,,,,,,,,,,,,,,,,,,,,,,,,,,,,,,,,,,,,,,,,,,9
hsa00290,586,587,,,,,,,,,,,,,,,,,,,,,,,,,,,,,,,,,,,,,,,,,,,,,,,,,,,,,,,,,,,,,,,,,,,,,,,,,,,,,,,,,,,,,,,,,,,,,,,,2
hsa00310,11105,7468,9869,9757,1743,,,,,,,,,,,,,,,,,,,,,,,,,,,,,,,,,,,,,,,,,,,,,,,,,,,,,,,,,,,,,,,,,,,,,,,,,,,,,,,,,,,,,,,,,,,,,5
hsa00330,,,,,,,,,,,,,,,,,,,,,,,,,,,,,,,,,,,,,,,,,,,,,,,,,,,,,,,,,,,,,,,,,,,,,,,,,,,,,,,,,,,,,,,,,,,,,,,,,,0
hsa00340,220,,,,,,,,,,,,,,,,,,,,,,,,,,,,,,,,,,,,,,,,,,,,,,,,,,,,,,,,,,,,,,,,,,,,,,,,,,,,,,,,,,,,,,,,,,,,,,,,,1
hsa00350,220,2184,1312,5409,3242,6898,,,,,,,,,,,,,,,,,,,,,,,,,,,,,,,,,,,,,,,,,,,,,,,,,,,,,,,,,,,,,,,,,,,,,,,,,,,,,,,,,,,,,,,,,,,,6
hsa00360,220,3242,6898,,,,,,,,,,,,,,,,,,,,,,,,,,,,,,,,,,,,,,,,,,,,,,,,,,,,,,,,,,,,,,,,,,,,,,,,,,,,,,,,,,,,,,,,,,,,,,,3
hsa00380,11185,3620,847,438,,,,,,,,,,,,,,,,,,,,,,,,,,,,,,,,,,,,,,,,,,,,,,,,,,,,,,,,,,,,,,,,,,,,,,,,,,,,,,,,,,,,,,,,,,,,,,4
hsa00400,6898,,,,,,,,,,,,,,,,,,,,,,,,,,,,,,,,,,,,,,,,,,,,,,,,,,,,,,,,,,,,,,,,,,,,,,,,,,,,,,,,,,,,,,,,,,,,,,,,,1
hsa00410,220,6723,18,2571,,,,,,,,,,,,,,,,,,,,,,,,,,,,,,,,,,,,,,,,,,,,,,,,,,,,,,,,,,,,,,,,,,,,,,,,,,,,,,,,,,,,,,,,,,,,,,4
hsa00430,570,2678,2571,,,,,,,,,,,,,,,,,,,,,,,,,,,,,,,,,,,,,,,,,,,,,,,,,,,,,,,,,,,,,,,,,,,,,,,,,,,,,,,,,,,,,,,,,,,,,,,3
hsa00440,,,,,,,,,,,,,,,,,,,,,,,,,,,,,,,,,,,,,,,,,,,,,,,,,,,,,,,,,,,,,,,,,,,,,,,,,,,,,,,,,,,,,,,,,,,,,,,,,,0
hsa00450,1491,4141,11185,,,,,,,,,,,,,,,,,,,,,,,,,,,,,,,,,,,,,,,,,,,,,,,,,,,,,,,,,,,,,,,,,,,,,,,,,,,,,,,,,,,,,,,,,,,,,,,3
hsa00471,2746,2744,2747,,,,,,,,,,,,,,,,,,,,,,,,,,,,,,,,,,,,,,,,,,,,,,,,,,,,,,,,,,,,,,,,,,,,,,,,,,,,,,,,,,,,,,,,,,,,,,,3
hsa00472,1610,,,,,,,,,,,,,,,,,,,,,,,,,,,,,,,,,,,,,,,,,,,,,,,,,,,,,,,,,,,,,,,,,,,,,,,,,,,,,,,,,,,,,,,,,,,,,,,,,1
hsa00480,3418,2678,2937,2952,2879,2938,6723,2876,290,2877,2939,,,,,,,,,,,,,,,,,,,,,,,,,,,,,,,,,,,,,,,,,,,,,,,,,,,,,,,,,,,,,,,,,,,,,,,,,,,,,,,,,,,,,,,11
hsa00500,3098,,,,,,,,,,,,,,,,,,,,,,,,,,,,,,,,,,,,,,,,,,,,,,,,,,,,,,,,,,,,,,,,,,,,,,,,,,,,,,,,,,,,,,,,,,,,,,,,,1
hsa00510,29929,2683,11253,4122,4124,11320,6184,1603,4249,,,,,,,,,,,,,,,,,,,,,,,,,,,,,,,,,,,,,,,,,,,,,,,,,,,,,,,,,,,,,,,,,,,,,,,,,,,,,,,,,,,,,,,,,9
hsa00511,3073,10825,4123,2720,,,,,,,,,,,,,,,,,,,,,,,,,,,,,,,,,,,,,,,,,,,,,,,,,,,,,,,,,,,,,,,,,,,,,,,,,,,,,,,,,,,,,,,,,,,,,,4
hsa00512,11226,9245,,,,,,,,,,,,,,,,,,,,,,,,,,,,,,,,,,,,,,,,,,,,,,,,,,,,,,,,,,,,,,,,,,,,,,,,,,,,,,,,,,,,,,,,,,,,,,,,2
hsa00514,2683,,,,,,,,,,,,,,,,,,,,,,,,,,,,,,,,,,,,,,,,,,,,,,,,,,,,,,,,,,,,,,,,,,,,,,,,,,,,,,,,,,,,,,,,,,,,,,,,,1
hsa00515,2683,10690,10329,27087,,,,,,,,,,,,,,,,,,,,,,,,,,,,,,,,,,,,,,,,,,,,,,,,,,,,,,,,,,,,,,,,,,,,,,,,,,,,,,,,,,,,,,,,,,,,,,4
hsa00520,3073,3098,29926,5238,1118,2584,2673,,,,,,,,,,,,,,,,,,,,,,,,,,,,,,,,,,,,,,,,,,,,,,,,,,,,,,,,,,,,,,,,,,,,,,,,,,,,,,,,,,,,,,,,,,,7
hsa00524,3098,,,,,,,,,,,,,,,,,,,,,,,,,,,,,,,,,,,,,,,,,,,,,,,,,,,,,,,,,,,,,,,,,,,,,,,,,,,,,,,,,,,,,,,,,,,,,,,,,1
hsa00531,3073,2720,4669,2990,3373,,,,,,,,,,,,,,,,,,,,,,,,,,,,,,,,,,,,,,,,,,,,,,,,,,,,,,,,,,,,,,,,,,,,,,,,,,,,,,,,,,,,,,,,,,,,,5
hsa00532,,,,,,,,,,,,,,,,,,,,,,,,,,,,,,,,,,,,,,,,,,,,,,,,,,,,,,,,,,,,,,,,,,,,,,,,,,,,,,,,,,,,,,,,,,,,,,,,,,0
hsa00533,4166,2683,,,,,,,,,,,,,,,,,,,,,,,,,,,,,,,,,,,,,,,,,,,,,,,,,,,,,,,,,,,,,,,,,,,,,,,,,,,,,,,,,,,,,,,,,,,,,,,,2
hsa00534,9956,26035,2135,9955,,,,,,,,,,,,,,,,,,,,,,,,,,,,,,,,,,,,,,,,,,,,,,,,,,,,,,,,,,,,,,,,,,,,,,,,,,,,,,,,,,,,,,,,,,,,,,4
hsa00561,1606,9388,8526,9162,11343,2710,4023,1608,10555,2717,2712,10327,,,,,,,,,,,,,,,,,,,,,,,,,,,,,,,,,,,,,,,,,,,,,,,,,,,,,,,,,,,,,,,,,,,,,,,,,,,,,,,,,,,,,,12
hsa00562,5331,9107,8867,9896,3631,23236,3705,,,,,,,,,,,,,,,,,,,,,,,,,,,,,,,,,,,,,,,,,,,,,,,,,,,,,,,,,,,,,,,,,,,,,,,,,,,,,,,,,,,,,,,,,,,7
hsa00563,,,,,,,,,,,,,,,,,,,,,,,,,,,,,,,,,,,,,,,,,,,,,,,,,,,,,,,,,,,,,,,,,,,,,,,,,,,,,,,,,,,,,,,,,,,,,,,,,,0
hsa00564,8526,9162,10434,1606,1119,11313,1608,1103,43,10555,,,,,,,,,,,,,,,,,,,,,,,,,,,,,,,,,,,,,,,,,,,,,,,,,,,,,,,,,,,,,,,,,,,,,,,,,,,,,,,,,,,,,,,,10
hsa00565,5048,8540,,,,,,,,,,,,,,,,,,,,,,,,,,,,,,,,,,,,,,,,,,,,,,,,,,,,,,,,,,,,,,,,,,,,,,,,,,,,,,,,,,,,,,,,,,,,,,,,2
hsa00590,1557,6916,2678,1573,2053,2876,11283,1555,2877,9536,,,,,,,,,,,,,,,,,,,,,,,,,,,,,,,,,,,,,,,,,,,,,,,,,,,,,,,,,,,,,,,,,,,,,,,,,,,,,,,,,,,,,,,,10
hsa00591,1557,1573,,,,,,,,,,,,,,,,,,,,,,,,,,,,,,,,,,,,,,,,,,,,,,,,,,,,,,,,,,,,,,,,,,,,,,,,,,,,,,,,,,,,,,,,,,,,,,,,2
hsa00592,30,,,,,,,,,,,,,,,,,,,,,,,,,,,,,,,,,,,,,,,,,,,,,,,,,,,,,,,,,,,,,,,,,,,,,,,,,,,,,,,,,,,,,,,,,,,,,,,,,1
hsa00600,410,2720,10825,2717,,,,,,,,,,,,,,,,,,,,,,,,,,,,,,,,,,,,,,,,,,,,,,,,,,,,,,,,,,,,,,,,,,,,,,,,,,,,,,,,,,,,,,,,,,,,,,4
hsa00601,2683,10317,10402,2528,10690,10331,2529,2527,,,,,,,,,,,,,,,,,,,,,,,,,,,,,,,,,,,,,,,,,,,,,,,,,,,,,,,,,,,,,,,,,,,,,,,,,,,,,,,,,,,,,,,,,,8
hsa00603,3073,10690,2717,10317,4668,,,,,,,,,,,,,,,,,,,,,,,,,,,,,,,,,,,,,,,,,,,,,,,,,,,,,,,,,,,,,,,,,,,,,,,,,,,,,,,,,,,,,,,,,,,,,5
hsa00604,2720,3073,9197,30815,8869,,,,,,,,,,,,,,,,,,,,,,,,,,,,,,,,,,,,,,,,,,,,,,,,,,,,,,,,,,,,,,,,,,,,,,,,,,,,,,,,,,,,,,,,,,,,,5
hsa00620,9380,4199,4200,,,,,,,,,,,,,,,,,,,,,,,,,,,,,,,,,,,,,,,,,,,,,,,,,,,,,,,,,,,,,,,,,,,,,,,,,,,,,,,,,,,,,,,,,,,,,,,3
hsa00630,2752,9380,847,50,,,,,,,,,,,,,,,,,,,,,,,,,,,,,,,,,,,,,,,,,,,,,,,,,,,,,,,,,,,,,,,,,,,,,,,,,,,,,,,,,,,,,,,,,,,,,,4
hsa00640,594,18,,,,,,,,,,,,,,,,,,,,,,,,,,,,,,,,,,,,,,,,,,,,,,,,,,,,,,,,,,,,,,,,,,,,,,,,,,,,,,,,,,,,,,,,,,,,,,,,2
hsa00650,35,622,18,2571,,,,,,,,,,,,,,,,,,,,,,,,,,,,,,,,,,,,,,,,,,,,,,,,,,,,,,,,,,,,,,,,,,,,,,,,,,,,,,,,,,,,,,,,,,,,,,4
hsa00670,10840,,,,,,,,,,,,,,,,,,,,,,,,,,,,,,,,,,,,,,,,,,,,,,,,,,,,,,,,,,,,,,,,,,,,,,,,,,,,,,,,,,,,,,,,,,,,,,,,,1
hsa00730,,,,,,,,,,,,,,,,,,,,,,,,,,,,,,,,,,,,,,,,,,,,,,,,,,,,,,,,,,,,,,,,,,,,,,,,,,,,,,,,,,,,,,,,,,,,,,,,,,0
hsa00740,,,,,,,,,,,,,,,,,,,,,,,,,,,,,,,,,,,,,,,,,,,,,,,,,,,,,,,,,,,,,,,,,,,,,,,,,,,,,,,,,,,,,,,,,,,,,,,,,,0
hsa00750,,,,,,,,,,,,,,,,,,,,,,,,,,,,,,,,,,,,,,,,,,,,,,,,,,,,,,,,,,,,,,,,,,,,,,,,,,,,,,,,,,,,,,,,,,,,,,,,,,0
hsa00760,4837,23057,683,22978,30833,952,,,,,,,,,,,,,,,,,,,,,,,,,,,,,,,,,,,,,,,,,,,,,,,,,,,,,,,,,,,,,,,,,,,,,,,,,,,,,,,,,,,,,,,,,,,,6
hsa00770,8875,8876,587,586,,,,,,,,,,,,,,,,,,,,,,,,,,,,,,,,,,,,,,,,,,,,,,,,,,,,,,,,,,,,,,,,,,,,,,,,,,,,,,,,,,,,,,,,,,,,,,4
hsa00780,686,,,,,,,,,,,,,,,,,,,,,,,,,,,,,,,,,,,,,,,,,,,,,,,,,,,,,,,,,,,,,,,,,,,,,,,,,,,,,,,,,,,,,,,,,,,,,,,,,1
hsa00785,,,,,,,,,,,,,,,,,,,,,,,,,,,,,,,,,,,,,,,,,,,,,,,,,,,,,,,,,,,,,,,,,,,,,,,,,,,,,,,,,,,,,,,,,,,,,,,,,,0
hsa00790,248,,,,,,,,,,,,,,,,,,,,,,,,,,,,,,,,,,,,,,,,,,,,,,,,,,,,,,,,,,,,,,,,,,,,,,,,,,,,,,,,,,,,,,,,,,,,,,,,,1
hsa00830,1551,8630,10720,1555,1592,,,,,,,,,,,,,,,,,,,,,,,,,,,,,,,,,,,,,,,,,,,,,,,,,,,,,,,,,,,,,,,,,,,,,,,,,,,,,,,,,,,,,,,,,,,,,5
hsa00860,644,2990,10720,2235,1355,,,,,,,,,,,,,,,,,,,,,,,,,,,,,,,,,,,,,,,,,,,,,,,,,,,,,,,,,,,,,,,,,,,,,,,,,,,,,,,,,,,,,,,,,,,,,5
hsa00900,23463,9986,,,,,,,,,,,,,,,,,,,,,,,,,,,,,,,,,,,,,,,,,,,,,,,,,,,,,,,,,,,,,,,,,,,,,,,,,,,,,,,,,,,,,,,,,,,,,,,,2
hsa00910,2746,2752,2747,,,,,,,,,,,,,,,,,,,,,,,,,,,,,,,,,,,,,,,,,,,,,,,,,,,,,,,,,,,,,,,,,,,,,,,,,,,,,,,,,,,,,,,,,,,,,,,3
hsa00920,6821,10380,,,,,,,,,,,,,,,,,,,,,,,,,,,,,,,,,,,,,,,,,,,,,,,,,,,,,,,,,,,,,,,,,,,,,,,,,,,,,,,,,,,,,,,,,,,,,,,,2
hsa00970,8565,4553,833,4563,7453,25973,6897,10056,4568,4141,10667,4566,4570,1615,4556,,,,,,,,,,,,,,,,,,,,,,,,,,,,,,,,,,,,,,,,,,,,,,,,,,,,,,,,,,,,,,,,,,,,,,,,,,,,,,,,,,,15
hsa00980,,,,,,,,,,,,,,,,,,,,,,,,,,,,,,,,,,,,,,,,,,,,,,,,,,,,,,,,,,,,,,,,,,,,,,,,,,,,,,,,,,,,,,,,,,,,,,,,,,0
hsa00982,,,,,,,,,,,,,,,,,,,,,,,,,,,,,,,,,,,,,,,,,,,,,,,,,,,,,,,,,,,,,,,,,,,,,,,,,,,,,,,,,,,,,,,,,,,,,,,,,,0
hsa00983,4832,2952,2938,4833,2990,10720,1854,3704,2939,978,,,,,,,,,,,,,,,,,,,,,,,,,,,,,,,,,,,,,,,,,,,,,,,,,,,,,,,,,,,,,,,,,,,,,,,,,,,,,,,,,,,,,,,,10
hsa01040,6342,30,570,,,,,,,,,,,,,,,,,,,,,,,,,,,,,,,,,,,,,,,,,,,,,,,,,,,,,,,,,,,,,,,,,,,,,,,,,,,,,,,,,,,,,,,,,,,,,,,3
hsa01100,,,,,,,,,,,,,,,,,,,,,,,,,,,,,,,,,,,,,,,,,,,,,,,,,,,,,,,,,,,,,,,,,,,,,,,,,,,,,,,,,,,,,,,,,,,,,,,,,,0
hsa01200,,,,,,,,,,,,,,,,,,,,,,,,,,,,,,,,,,,,,,,,,,,,,,,,,,,,,,,,,,,,,,,,,,,,,,,,,,,,,,,,,,,,,,,,,,,,,,,,,,0
hsa01210,,,,,,,,,,,,,,,,,,,,,,,,,,,,,,,,,,,,,,,,,,,,,,,,,,,,,,,,,,,,,,,,,,,,,,,,,,,,,,,,,,,,,,,,,,,,,,,,,,0
hsa01212,,,,,,,,,,,,,,,,,,,,,,,,,,,,,,,,,,,,,,,,,,,,,,,,,,,,,,,,,,,,,,,,,,,,,,,,,,,,,,,,,,,,,,,,,,,,,,,,,,0
hsa01230,,,,,,,,,,,,,,,,,,,,,,,,,,,,,,,,,,,,,,,,,,,,,,,,,,,,,,,,,,,,,,,,,,,,,,,,,,,,,,,,,,,,,,,,,,,,,,,,,,0
hsa01521,,,,,,,,,,,,,,,,,,,,,,,,,,,,,,,,,,,,,,,,,,,,,,,,,,,,,,,,,,,,,,,,,,,,,,,,,,,,,,,,,,,,,,,,,,,,,,,,,,0
hsa01522,,,,,,,,,,,,,,,,,,,,,,,,,,,,,,,,,,,,,,,,,,,,,,,,,,,,,,,,,,,,,,,,,,,,,,,,,,,,,,,,,,,,,,,,,,,,,,,,,,0
hsa01523,,,,,,,,,,,,,,,,,,,,,,,,,,,,,,,,,,,,,,,,,,,,,,,,,,,,,,,,,,,,,,,,,,,,,,,,,,,,,,,,,,,,,,,,,,,,,,,,,,0
hsa01524,,,,,,,,,,,,,,,,,,,,,,,,,,,,,,,,,,,,,,,,,,,,,,,,,,,,,,,,,,,,,,,,,,,,,,,,,,,,,,,,,,,,,,,,,,,,,,,,,,0
hsa02010,10349,5244,8647,215,21,10058,10350,10057,6891,6890,368,10347,225,,,,,,,,,,,,,,,,,,,,,,,,,,,,,,,,,,,,,,,,,,,,,,,,,,,,,,,,,,,,,,,,,,,,,,,,,,,,,,,,,,,,,13
hsa03008,,,,,,,,,,,,,,,,,,,,,,,,,,,,,,,,,,,,,,,,,,,,,,,,,,,,,,,,,,,,,,,,,,,,,,,,,,,,,,,,,,,,,,,,,,,,,,,,,,0
hsa03010,6139,6135,6171,6142,6206,6173,6137,6155,6192,6159,4549,6122,6205,6141,6130,9801,29088,6182,6188,6210,6152,6160,6193,6229,6175,6176,6138,6181,6204,6201,,,,,,,,,,,,,,,,,,,,,,,,,,,,,,,,,,,,,,,,,,,,,,,,,,,,,,,,,,,,,,,,,,,,30
hsa03013,7175,10419,1915,8086,8761,10289,6613,4927,6612,1968,5042,7329,1917,5905,8087,6396,26019,22916,6606,6607,9984,9883,9669,1982,5411,8891,,,,,,,,,,,,,,,,,,,,,,,,,,,,,,,,,,,,,,,,,,,,,,,,,,,,,,,,,,,,,,,,,,,,,,,,26
hsa03015,23049,1477,11052,8761,29101,23708,5042,10914,23293,1479,26019,9887,22916,10898,10767,5411,,,,,,,,,,,,,,,,,,,,,,,,,,,,,,,,,,,,,,,,,,,,,,,,,,,,,,,,,,,,,,,,,,,,,,,,,,,,,,,,,,16
hsa03018,5213,10766,1656,27258,6499,27257,28960,11340,29883,694,11157,23019,5393,8761,5042,,,,,,,,,,,,,,,,,,,,,,,,,,,,,,,,,,,,,,,,,,,,,,,,,,,,,,,,,,,,,,,,,,,,,,,,,,,,,,,,,,,15
hsa03020,5439,661,5433,5440,5432,9533,10622,,,,,,,,,,,,,,,,,,,,,,,,,,,,,,,,,,,,,,,,,,,,,,,,,,,,,,,,,,,,,,,,,,,,,,,,,,,,,,,,,,,,,,,,,,,7
hsa03022,6877,2961,6875,6872,6884,2966,4331,2960,9569,2071,2068,,,,,,,,,,,,,,,,,,,,,,,,,,,,,,,,,,,,,,,,,,,,,,,,,,,,,,,,,,,,,,,,,,,,,,,,,,,,,,,,,,,,,,,11
hsa03030,23649,6117,10535,6118,5985,4172,,,,,,,,,,,,,,,,,,,,,,,,,,,,,,,,,,,,,,,,,,,,,,,,,,,,,,,,,,,,,,,,,,,,,,,,,,,,,,,,,,,,,,,,,,,,6
hsa03040,3183,6628,10907,9410,6637,6631,6629,11017,9092,22938,9785,1665,11325,27316,3312,8896,22916,1659,11157,27258,9343,9984,6636,10946,9879,27288,,,,,,,,,,,,,,,,,,,,,,,,,,,,,,,,,,,,,,,,,,,,,,,,,,,,,,,,,,,,,,,,,,,,,,,,26
hsa03050,9861,5713,,,,,,,,,,,,,,,,,,,,,,,,,,,,,,,,,,,,,,,,,,,,,,,,,,,,,,,,,,,,,,,,,,,,,,,,,,,,,,,,,,,,,,,,,,,,,,,,2
hsa03060,6727,10952,6730,6734,6731,23480,9789,,,,,,,,,,,,,,,,,,,,,,,,,,,,,,,,,,,,,,,,,,,,,,,,,,,,,,,,,,,,,,,,,,,,,,,,,,,,,,,,,,,,,,,,,,,7
hsa03320,1593,123,5467,3611,28965,6342,30,5346,4199,4023,2710,10062,5465,4312,1622,2712,,,,,,,,,,,,,,,,,,,,,,,,,,,,,,,,,,,,,,,,,,,,,,,,,,,,,,,,,,,,,,,,,,,,,,,,,,,,,,,,,,16
hsa03410,6996,3146,4913,,,,,,,,,,,,,,,,,,,,,,,,,,,,,,,,,,,,,,,,,,,,,,,,,,,,,,,,,,,,,,,,,,,,,,,,,,,,,,,,,,,,,,,,,,,,,,,3
hsa03420,2966,4331,2067,6117,1643,2071,6118,2073,5985,2068,,,,,,,,,,,,,,,,,,,,,,,,,,,,,,,,,,,,,,,,,,,,,,,,,,,,,,,,,,,,,,,,,,,,,,,,,,,,,,,,,,,,,,,,10
hsa03430,27030,6117,5395,2956,6118,5985,,,,,,,,,,,,,,,,,,,,,,,,,,,,,,,,,,,,,,,,,,,,,,,,,,,,,,,,,,,,,,,,,,,,,,,,,,,,,,,,,,,,,,,,,,,,6
hsa03440,29086,6117,6118,672,,,,,,,,,,,,,,,,,,,,,,,,,,,,,,,,,,,,,,,,,,,,,,,,,,,,,,,,,,,,,,,,,,,,,,,,,,,,,,,,,,,,,,,,,,,,,,4
hsa03450,1791,2547,,,,,,,,,,,,,,,,,,,,,,,,,,,,,,,,,,,,,,,,,,,,,,,,,,,,,,,,,,,,,,,,,,,,,,,,,,,,,,,,,,,,,,,,,,,,,,,,2
hsa03460,5980,29089,2067,6117,3280,5395,6118,672,9894,545,,,,,,,,,,,,,,,,,,,,,,,,,,,,,,,,,,,,,,,,,,,,,,,,,,,,,,,,,,,,,,,,,,,,,,,,,,,,,,,,,,,,,,,,10
hsa04010,8550,929,9344,2254,782,2316,2277,3481,408,785,10369,1850,2264,3553,9261,8986,4803,786,7422,2069,4908,3164,2252,1843,7786,4914,4775,9064,1852,10368,3312,783,8822,4216,7048,9965,2768,4616,8823,4915,356,6196,673,5228,8912,4137,994,11184,7043,1616,7010,369,998,2253,2318,7132,2263,,,,,,,,,,,,,,,,,,,,,,,,,,,,,,,,,,,,,,,,,57
hsa04012,817,25759,2069,10298,3084,9542,685,6776,1839,868,2475,673,6199,369,2549,,,,,,,,,,,,,,,,,,,,,,,,,,,,,,,,,,,,,,,,,,,,,,,,,,,,,,,,,,,,,,,,,,,,,,,,,,,,,,,,,,,15
hsa04014,2254,25759,2277,10681,3481,2264,598,4803,9846,7422,3363,4908,2252,10298,10928,4914,9771,2903,9462,8822,9965,8823,4915,356,5228,7010,998,11186,2253,2549,2263,,,,,,,,,,,,,,,,,,,,,,,,,,,,,,,,,,,,,,,,,,,,,,,,,,,,,,,,,,,,,,,,,,,31
hsa04015,2254,23236,2277,9564,2264,10411,4803,2771,7422,9855,2252,9002,115,5331,9771,2903,3689,1500,7410,8822,9965,8823,1499,673,5228,7010,998,2253,2773,2263,,,,,,,,,,,,,,,,,,,,,,,,,,,,,,,,,,,,,,,,,,,,,,,,,,,,,,,,,,,,,,,,,,,,30
hsa04020,817,886,5350,23236,6261,292,492,6546,3274,7852,7417,3360,4638,3363,4923,1133,115,5331,291,8536,2903,7419,1816,5724,2769,8912,814,5261,1139,1131,7134,952,,,,,,,,,,,,,,,,,,,,,,,,,,,,,,,,,,,,,,,,,,,,,,,,,,,,,,,,,,,,,,,,,,32
hsa04022,5350,23236,292,492,6546,2771,7417,4638,4879,115,5331,291,4775,7419,9569,2768,483,10488,7225,2773,,,,,,,,,,,,,,,,,,,,,,,,,,,,,,,,,,,,,,,,,,,,,,,,,,,,,,,,,,,,,,,,,,,,,,,,,,,,,,20
hsa04024,817,2696,5350,492,2740,10411,2771,3360,2550,2735,115,4852,6752,2903,7410,5465,1816,483,2890,673,9568,10451,10488,814,2773,3350,,,,,,,,,,,,,,,,,,,,,,,,,,,,,,,,,,,,,,,,,,,,,,,,,,,,,,,,,,,,,,,,,,,,,,,,26
hsa04060,8809,27302,654,269,3623,6346,8808,3447,3553,656,10663,8600,4803,3581,1232,7852,643,4982,6387,1233,4055,3976,94,9966,8740,655,3454,3597,6347,651,23529,9560,3594,8794,970,6846,3467,8792,3449,3444,959,3443,652,659,8764,7133,7048,10344,356,1237,5473,6356,9466,2690,92,3569,9547,27177,7043,90,1442,10563,3570,7132,,,,,,,,,,,,,,,,,,,,,,,,,,,,,,,,,,64
hsa04062,25759,23236,10681,408,6346,3718,2869,9564,10663,2771,1232,8976,7852,643,6387,1233,115,5331,6347,9560,6846,7410,10344,673,1237,5473,10451,6356,9547,998,10563,2773,,,,,,,,,,,,,,,,,,,,,,,,,,,,,,,,,,,,,,,,,,,,,,,,,,,,,,,,,,,,,,,,,,32
hsa04064,929,7128,3383,3553,598,8600,7188,6387,4055,8740,7329,9560,8792,6850,959,4616,1459,7706,7132,,,,,,,,,,,,,,,,,,,,,,,,,,,,,,,,,,,,,,,,,,,,,,,,,,,,,,,,,,,,,,,,,,,,,,,,,,,,,,,19
hsa04066,817,7428,3091,7422,4055,3098,6513,1536,4878,5163,226,6923,2475,2597,6199,3569,7010,3570,,,,,,,,,,,,,,,,,,,,,,,,,,,,,,,,,,,,,,,,,,,,,,,,,,,,,,,,,,,,,,,,,,,,,,,,,,,,,,,,18
hsa04068,664,4193,10769,6446,6502,10018,891,7048,4616,356,673,3569,847,7043,369,,,,,,,,,,,,,,,,,,,,,,,,,,,,,,,,,,,,,,,,,,,,,,,,,,,,,,,,,,,,,,,,,,,,,,,,,,,,,,,,,,,15
hsa04070,9107,23236,8526,3631,9162,3705,9807,1606,5331,8867,1608,,,,,,,,,,,,,,,,,,,,,,,,,,,,,,,,,,,,,,,,,,,,,,,,,,,,,,,,,,,,,,,,,,,,,,,,,,,,,,,,,,,,,,,11
hsa04071,2205,23236,2771,9846,1509,2206,5331,581,2768,7132,2773,,,,,,,,,,,,,,,,,,,,,,,,,,,,,,,,,,,,,,,,,,,,,,,,,,,,,,,,,,,,,,,,,,,,,,,,,,,,,,,,,,,,,,,11
hsa04072,2205,25759,1785,23236,8526,10411,9846,9162,2206,115,26052,1606,5331,6850,1608,375,2768,6009,554,2475,10555,2549,,,,,,,,,,,,,,,,,,,,,,,,,,,,,,,,,,,,,,,,,,,,,,,,,,,,,,,,,,,,,,,,,,,,,,,,,,,,22
hsa04080,886,2696,10886,4544,2900,2740,2847,3274,7067,1138,1815,4829,5031,3360,2561,3363,4923,2550,1133,9002,2555,799,8811,1140,10316,2570,8001,6752,2903,1136,1137,2554,2901,2567,5030,1816,5724,554,2890,706,9568,2556,2690,2558,2897,1139,1131,2557,1442,2741,3350,,,,,,,,,,,,,,,,,,,,,,,,,,,,,,,,,,,,,,,,,,,,,,,51
hsa04110,9232,7533,4193,1874,8881,25847,7532,6502,7531,701,7534,891,23594,5000,990,3066,9184,29882,4172,545,4616,11200,23595,9126,994,7043,,,,,,,,,,,,,,,,,,,,,,,,,,,,,,,,,,,,,,,,,,,,,,,,,,,,,,,,,,,,,,,,,,,,,,,,26
hsa04114,817,9232,7533,8881,25847,7532,7531,7534,891,115,29882,5241,6196,367,9126,,,,,,,,,,,,,,,,,,,,,,,,,,,,,,,,,,,,,,,,,,,,,,,,,,,,,,,,,,,,,,,,,,,,,,,,,,,,,,,,,,,15
hsa04115,598,4616,11200,841,9540,4193,891,1643,6477,842,545,581,25898,,,,,,,,,,,,,,,,,,,,,,,,,,,,,,,,,,,,,,,,,,,,,,,,,,,,,,,,,,,,,,,,,,,,,,,,,,,,,,,,,,,,,13
hsa04120,9886,3093,7428,7326,9021,4193,6477,26259,326,9320,10477,4591,8881,25847,7323,6502,9354,672,7329,29882,11065,8065,10055,10075,1643,10401,22954,26232,868,6923,8554,25898,,,,,,,,,,,,,,,,,,,,,,,,,,,,,,,,,,,,,,,,,,,,,,,,,,,,,,,,,,,,,,,,,,32
hsa04122,,,,,,,,,,,,,,,,,,,,,,,,,,,,,,,,,,,,,,,,,,,,,,,,,,,,,,,,,,,,,,,,,,,,,,,,,,,,,,,,,,,,,,,,,,,,,,,,,,0
hsa04130,9527,10791,9554,9570,662,6843,6844,,,,,,,,,,,,,,,,,,,,,,,,,,,,,,,,,,,,,,,,,,,,,,,,,,,,,,,,,,,,,,,,,,,,,,,,,,,,,,,,,,,,,,,,,,,7
hsa04136,2475,,,,,,,,,,,,,,,,,,,,,,,,,,,,,,,,,,,,,,,,,,,,,,,,,,,,,,,,,,,,,,,,,,,,,,,,,,,,,,,,,,,,,,,,,,,,,,,,,1
hsa04137,23786,598,3091,10241,1459,664,,,,,,,,,,,,,,,,,,,,,,,,,,,,,,,,,,,,,,,,,,,,,,,,,,,,,,,,,,,,,,,,,,,,,,,,,,,,,,,,,,,,,,,,,,,,6
hsa04140,1613,3091,664,3146,598,10645,1509,10325,6009,2475,6199,,,,,,,,,,,,,,,,,,,,,,,,,,,,,,,,,,,,,,,,,,,,,,,,,,,,,,,,,,,,,,,,,,,,,,,,,,,,,,,,,,,,,,,11
hsa04141,7326,823,3326,6184,1603,6400,6746,7323,9871,9632,10952,11253,3312,6396,26232,581,7494,9532,3300,23480,5034,3337,10299,7415,,,,,,,,,,,,,,,,,,,,,,,,,,,,,,,,,,,,,,,,,,,,,,,,,,,,,,,,,,,,,,,,,,,,,,,,,,24
hsa04142,410,8905,8763,1497,10717,1212,9583,2990,533,1509,3373,3073,2760,2720,4669,1777,8546,1510,8906,535,537,8943,9179,10312,2717,1515,4668,3482,,,,,,,,,,,,,,,,,,,,,,,,,,,,,,,,,,,,,,,,,,,,,,,,,,,,,,,,,,,,,,,,,,,,,,28
hsa04144,9559,1785,408,2348,4193,8766,1212,857,51534,2869,381,2264,163,8976,7852,7456,3133,26052,6642,3312,377,9829,10565,7048,375,830,868,1173,23527,3798,2350,998,10564,3482,2263,,,,,,,,,,,,,,,,,,,,,,,,,,,,,,,,,,,,,,,,,,,,,,,,,,,,,,,,,,,,,,,35
hsa04145,929,9296,9554,3118,7059,10332,10333,533,6891,7097,3115,3133,10382,10952,11151,3689,10381,6890,1536,535,537,23480,9902,10312,3123,949,2204,,,,,,,,,,,,,,,,,,,,,,,,,,,,,,,,,,,,,,,,,,,,,,,,,,,,,,,,,,,,,,,,,,,,,,,27
hsa04146,215,6647,6342,30,8504,3418,570,225,10478,2053,847,8540,1610,26061,,,,,,,,,,,,,,,,,,,,,,,,,,,,,,,,,,,,,,,,,,,,,,,,,,,,,,,,,,,,,,,,,,,,,,,,,,,,,,,,,,,,14
hsa04150,,,,,,,,,,,,,,,,,,,,,,,,,,,,,,,,,,,,,,,,,,,,,,,,,,,,,,,,,,,,,,,,,,,,,,,,,,,,,,,,,,,,,,,,,,,,,,,,,,0
hsa04151,2254,2277,7059,1291,6446,10018,3164,3444,9965,4915,6009,5228,1442,3570,842,23035,3447,3381,7531,2069,2252,672,3696,356,6199,2263,1280,3481,4193,3718,3326,2264,7422,7534,3454,4914,29941,3443,2475,10488,3569,7010,2253,7533,10681,4170,598,4803,7532,4908,7097,9623,6850,3449,8822,8823,2690,10319,,,,,,,,,,,,,,,,,,,,,,,,,,,,,,,,,,,,,,,,58
hsa04152,5213,8789,10645,29904,6009,2475,10488,6199,,,,,,,,,,,,,,,,,,,,,,,,,,,,,,,,,,,,,,,,,,,,,,,,,,,,,,,,,,,,,,,,,,,,,,,,,,,,,,,,,,,,,,,,,,8
hsa04210,840,4170,823,2021,598,4803,10018,1509,6708,1677,4914,843,841,581,4616,356,5414,1616,4000,1515,842,7132,,,,,,,,,,,,,,,,,,,,,,,,,,,,,,,,,,,,,,,,,,,,,,,,,,,,,,,,,,,,,,,,,,,,,,,,,,,,22
hsa04211,10645,115,581,6009,2475,10488,6199,814,847,,,,,,,,,,,,,,,,,,,,,,,,,,,,,,,,,,,,,,,,,,,,,,,,,,,,,,,,,,,,,,,,,,,,,,,,,,,,,,,,,,,,,,,,,9
hsa04213,2475,6647,3066,3312,6199,3170,847,115,,,,,,,,,,,,,,,,,,,,,,,,,,,,,,,,,,,,,,,,,,,,,,,,,,,,,,,,,,,,,,,,,,,,,,,,,,,,,,,,,,,,,,,,,,8
hsa04215,598,581,10018,5414,841,840,842,7132,,,,,,,,,,,,,,,,,,,,,,,,,,,,,,,,,,,,,,,,,,,,,,,,,,,,,,,,,,,,,,,,,,,,,,,,,,,,,,,,,,,,,,,,,,8
hsa04216,2495,2937,2879,7417,1536,7419,,,,,,,,,,,,,,,,,,,,,,,,,,,,,,,,,,,,,,,,,,,,,,,,,,,,,,,,,,,,,,,,,,,,,,,,,,,,,,,,,,,,,,,,,,,,6
hsa04217,817,7128,3146,3718,292,823,3447,3326,3553,2495,7417,2747,7188,3454,2746,291,10059,5478,841,1536,7419,3449,3444,6776,3443,29108,581,2752,356,11124,3014,3012,7132,,,,,,,,,,,,,,,,,,,,,,,,,,,,,,,,,,,,,,,,,,,,,,,,,,,,,,,,,,,,,,,,,33
hsa04218,4193,292,823,1874,9261,7417,891,28996,3133,291,4775,7419,7048,545,4616,6009,11200,2475,678,3569,7043,3803,,,,,,,,,,,,,,,,,,,,,,,,,,,,,,,,,,,,,,,,,,,,,,,,,,,,,,,,,,,,,,,,,,,,,,,,,,,,22
hsa04260,70,483,782,1337,786,10975,7139,10368,1349,1537,29796,783,785,1340,4512,10369,7134,6546,,,,,,,,,,,,,,,,,,,,,,,,,,,,,,,,,,,,,,,,,,,,,,,,,,,,,,,,,,,,,,,,,,,,,,,,,,,,,,,,18
hsa04261,817,782,5350,23236,785,2773,492,10369,6546,10411,2771,786,115,5331,70,10368,783,6324,483,7139,10488,7134,,,,,,,,,,,,,,,,,,,,,,,,,,,,,,,,,,,,,,,,,,,,,,,,,,,,,,,,,,,,,,,,,,,,,,,,,,,,22
hsa04270,23236,4638,9138,115,5331,2768,673,369,,,,,,,,,,,,,,,,,,,,,,,,,,,,,,,,,,,,,,,,,,,,,,,,,,,,,,,,,,,,,,,,,,,,,,,,,,,,,,,,,,,,,,,,,,8
hsa04310,817,5467,8607,23236,10023,6477,1488,8840,5176,4316,5331,4775,2239,324,2535,1499,7471,1459,10297,23401,,,,,,,,,,,,,,,,,,,,,,,,,,,,,,,,,,,,,,,,,,,,,,,,,,,,,,,,,,,,,,,,,,,,,,,,,,,,,,20
hsa04330,9541,1488,4851,9253,4853,3066,9612,3280,4854,22938,9794,11317,,,,,,,,,,,,,,,,,,,,,,,,,,,,,,,,,,,,,,,,,,,,,,,,,,,,,,,,,,,,,,,,,,,,,,,,,,,,,,,,,,,,,,12
hsa04340,2121,4036,408,1455,2735,,,,,,,,,,,,,,,,,,,,,,,,,,,,,,,,,,,,,,,,,,,,,,,,,,,,,,,,,,,,,,,,,,,,,,,,,,,,,,,,,,,,,,,,,,,,,5
hsa04350,654,269,656,1874,655,652,659,7048,6199,7044,92,7043,90,,,,,,,,,,,,,,,,,,,,,,,,,,,,,,,,,,,,,,,,,,,,,,,,,,,,,,,,,,,,,,,,,,,,,,,,,,,,,,,,,,,,,13
hsa04360,817,10371,7224,2049,25791,2771,7852,6387,9901,10298,655,4775,5361,659,5163,7223,3611,7225,5362,5998,998,9723,9353,2773,,,,,,,,,,,,,,,,,,,,,,,,,,,,,,,,,,,,,,,,,,,,,,,,,,,,,,,,,,,,,,,,,,,,,,,,,,24
hsa04370,9261,7422,25759,998,842,,,,,,,,,,,,,,,,,,,,,,,,,,,,,,,,,,,,,,,,,,,,,,,,,,,,,,,,,,,,,,,,,,,,,,,,,,,,,,,,,,,,,,,,,,,,,5
hsa04371,23236,10681,6261,4854,2773,6546,2771,4638,115,5331,5346,1490,2475,6199,814,9759,,,,,,,,,,,,,,,,,,,,,,,,,,,,,,,,,,,,,,,,,,,,,,,,,,,,,,,,,,,,,,,,,,,,,,,,,,,,,,,,,,16
hsa04380,,,,,,,,,,,,,,,,,,,,,,,,,,,,,,,,,,,,,,,,,,,,,,,,,,,,,,,,,,,,,,,,,,,,,,,,,,,,,,,,,,,,,,,,,,,,,,,,,,0
hsa04390,654,7533,656,7532,7531,7534,9113,655,3689,324,652,659,29119,1490,7048,2535,1742,1499,7471,8994,10413,10297,7043,11186,,,,,,,,,,,,,,,,,,,,,,,,,,,,,,,,,,,,,,,,,,,,,,,,,,,,,,,,,,,,,,,,,,,,,,,,,,24
hsa04392,9770,8994,10413,11186,9113,,,,,,,,,,,,,,,,,,,,,,,,,,,,,,,,,,,,,,,,,,,,,,,,,,,,,,,,,,,,,,,,,,,,,,,,,,,,,,,,,,,,,,,,,,,,,5
hsa04510,1280,998,7414,2316,25759,2277,7059,857,9564,1291,3381,7422,4638,10298,3696,7410,81,3611,1499,1729,673,10451,5228,2318,10319,,,,,,,,,,,,,,,,,,,,,,,,,,,,,,,,,,,,,,,,,,,,,,,,,,,,,,,,,,,,,,,,,,,,,,,,,25
hsa04512,1280,1291,3381,960,961,9900,7059,3696,10319,,,,,,,,,,,,,,,,,,,,,,,,,,,,,,,,,,,,,,,,,,,,,,,,,,,,,,,,,,,,,,,,,,,,,,,,,,,,,,,,,,,,,,,,,9
hsa04514,,,,,,,,,,,,,,,,,,,,,,,,,,,,,,,,,,,,,,,,,,,,,,,,,,,,,,,,,,,,,,,,,,,,,,,,,,,,,,,,,,,,,,,,,,,,,,,,,,0
hsa04520,81,7414,10810,8976,1499,1459,1500,9855,29119,998,7048,25945,,,,,,,,,,,,,,,,,,,,,,,,,,,,,,,,,,,,,,,,,,,,,,,,,,,,,,,,,,,,,,,,,,,,,,,,,,,,,,,,,,,,,,12
hsa04530,4478,4620,8976,4621,11149,861,5010,81,998,,,,,,,,,,,,,,,,,,,,,,,,,,,,,,,,,,,,,,,,,,,,,,,,,,,,,,,,,,,,,,,,,,,,,,,,,,,,,,,,,,,,,,,,,9
hsa04540,23236,2771,2697,115,10382,5331,10381,2773,,,,,,,,,,,,,,,,,,,,,,,,,,,,,,,,,,,,,,,,,,,,,,,,,,,,,,,,,,,,,,,,,,,,,,,,,,,,,,,,,,,,,,,,,,8
hsa04550,7703,3718,2264,4617,10336,7547,9869,3976,9314,5013,1852,463,3211,324,652,659,2535,1499,7471,7044,92,3720,10297,90,2263,,,,,,,,,,,,,,,,,,,,,,,,,,,,,,,,,,,,,,,,,,,,,,,,,,,,,,,,,,,,,,,,,,,,,,,,,25
hsa04610,717,713,5345,735,11326,1604,2158,3689,1191,3827,4179,1361,1675,9002,712,2243,966,1378,7056,,,,,,,,,,,,,,,,,,,,,,,,,,,,,,,,,,,,,,,,,,,,,,,,,,,,,,,,,,,,,,,,,,,,,,,,,,,,,,,19
hsa04611,6916,23236,2771,4638,9002,9138,115,5331,6850,2243,2773,,,,,,,,,,,,,,,,,,,,,,,,,,,,,,,,,,,,,,,,,,,,,,,,,,,,,,,,,,,,,,,,,,,,,,,,,,,,,,,,,,,,,,,11
hsa04612,10437,926,4801,3823,3312,6891,3118,6890,4800,3821,3326,3123,3115,3803,3133,5994,,,,,,,,,,,,,,,,,,,,,,,,,,,,,,,,,,,,,,,,,,,,,,,,,,,,,,,,,,,,,,,,,,,,,,,,,,,,,,,,,,16
hsa04614,290,7064,,,,,,,,,,,,,,,,,,,,,,,,,,,,,,,,,,,,,,,,,,,,,,,,,,,,,,,,,,,,,,,,,,,,,,,,,,,,,,,,,,,,,,,,,,,,,,,,2
hsa04620,929,3447,3553,10333,7097,3454,9560,841,3449,3444,3443,941,3569,,,,,,,,,,,,,,,,,,,,,,,,,,,,,,,,,,,,,,,,,,,,,,,,,,,,,,,,,,,,,,,,,,,,,,,,,,,,,,,,,,,,,13
hsa04621,7128,23236,7226,8767,846,3447,3326,3553,598,4938,7417,4940,7188,3454,5331,6347,10059,841,1536,7419,3449,3444,3443,29108,838,3569,837,,,,,,,,,,,,,,,,,,,,,,,,,,,,,,,,,,,,,,,,,,,,,,,,,,,,,,,,,,,,,,,,,,,,,,,27
hsa04622,843,841,3467,9755,7706,3449,3444,3443,3447,,,,,,,,,,,,,,,,,,,,,,,,,,,,,,,,,,,,,,,,,,,,,,,,,,,,,,,,,,,,,,,,,,,,,,,,,,,,,,,,,,,,,,,,,9
hsa04623,3553,11277,9560,661,3569,3449,3444,5440,3443,9533,3447,10622,29108,,,,,,,,,,,,,,,,,,,,,,,,,,,,,,,,,,,,,,,,,,,,,,,,,,,,,,,,,,,,,,,,,,,,,,,,,,,,,,,,,,,,,13
hsa04625,4193,10332,3553,9261,4775,841,6850,29108,868,3569,,,,,,,,,,,,,,,,,,,,,,,,,,,,,,,,,,,,,,,,,,,,,,,,,,,,,,,,,,,,,,,,,,,,,,,,,,,,,,,,,,,,,,,,10
hsa04630,9021,3718,4170,3447,598,3581,3976,3454,3597,3594,3467,3449,3444,6776,3443,10401,2475,9466,2690,3569,8554,1442,3570,,,,,,,,,,,,,,,,,,,,,,,,,,,,,,,,,,,,,,,,,,,,,,,,,,,,,,,,,,,,,,,,,,,,,,,,,,,23
hsa04640,929,1604,928,3118,3553,3581,3115,966,1791,926,290,924,914,960,3569,3123,3570,952,1378,,,,,,,,,,,,,,,,,,,,,,,,,,,,,,,,,,,,,,,,,,,,,,,,,,,,,,,,,,,,,,,,,,,,,,,,,,,,,,,19
hsa04650,4068,25759,3447,3383,3133,3454,3823,3689,962,6850,7410,3449,3444,919,3443,356,9437,673,10451,3821,369,3803,,,,,,,,,,,,,,,,,,,,,,,,,,,,,,,,,,,,,,,,,,,,,,,,,,,,,,,,,,,,,,,,,,,,,,,,,,,,22
hsa04657,7128,3326,3553,1673,7188,4312,6347,841,6356,3569,,,,,,,,,,,,,,,,,,,,,,,,,,,,,,,,,,,,,,,,,,,,,,,,,,,,,,,,,,,,,,,,,,,,,,,,,,,,,,,,,,,,,,,,10
hsa04658,4851,4853,3118,4854,3718,30009,3115,4775,3594,864,919,6776,9794,3123,11317,,,,,,,,,,,,,,,,,,,,,,,,,,,,,,,,,,,,,,,,,,,,,,,,,,,,,,,,,,,,,,,,,,,,,,,,,,,,,,,,,,,15
hsa04659,3091,3118,3718,3326,3553,30009,3115,4775,3594,861,919,6776,7048,2475,9466,3569,3123,3570,,,,,,,,,,,,,,,,,,,,,,,,,,,,,,,,,,,,,,,,,,,,,,,,,,,,,,,,,,,,,,,,,,,,,,,,,,,,,,,,18
hsa04660,10298,4775,926,7410,959,919,868,10451,998,1493,,,,,,,,,,,,,,,,,,,,,,,,,,,,,,,,,,,,,,,,,,,,,,,,,,,,,,,,,,,,,,,,,,,,,,,,,,,,,,,,,,,,,,,,10
hsa04662,4775,10451,974,6850,7410,,,,,,,,,,,,,,,,,,,,,,,,,,,,,,,,,,,,,,,,,,,,,,,,,,,,,,,,,,,,,,,,,,,,,,,,,,,,,,,,,,,,,,,,,,,,,5
hsa04664,2205,9846,10451,2206,6850,7410,,,,,,,,,,,,,,,,,,,,,,,,,,,,,,,,,,,,,,,,,,,,,,,,,,,,,,,,,,,,,,,,,,,,,,,,,,,,,,,,,,,,,,,,,,,,6
hsa04666,1785,9846,8976,4651,6850,7410,10810,10451,6199,998,,,,,,,,,,,,,,,,,,,,,,,,,,,,,,,,,,,,,,,,,,,,,,,,,,,,,,,,,,,,,,,,,,,,,,,,,,,,,,,,,,,,,,,,10
hsa04668,8809,9530,7128,9021,4323,840,3383,3553,8986,7188,3976,6347,10059,843,841,7133,10488,6401,3569,7132,,,,,,,,,,,,,,,,,,,,,,,,,,,,,,,,,,,,,,,,,,,,,,,,,,,,,,,,,,,,,,,,,,,,,,,,,,,,,,20
hsa04670,4478,7414,9564,3383,10411,2771,7852,6387,3689,1500,5010,1536,7410,29119,81,5175,1499,10451,998,2773,,,,,,,,,,,,,,,,,,,,,,,,,,,,,,,,,,,,,,,,,,,,,,,,,,,,,,,,,,,,,,,,,,,,,,,,,,,,,,20
hsa04672,,,,,,,,,,,,,,,,,,,,,,,,,,,,,,,,,,,,,,,,,,,,,,,,,,,,,,,,,,,,,,,,,,,,,,,,,,,,,,,,,,,,,,,,,,,,,,,,,,0
hsa04710,8864,4862,5187,,,,,,,,,,,,,,,,,,,,,,,,,,,,,,,,,,,,,,,,,,,,,,,,,,,,,,,,,,,,,,,,,,,,,,,,,,,,,,,,,,,,,,,,,,,,,,,3
hsa04713,8864,817,4544,23236,10681,6261,2771,5187,115,5331,2903,2890,8912,2773,,,,,,,,,,,,,,,,,,,,,,,,,,,,,,,,,,,,,,,,,,,,,,,,,,,,,,,,,,,,,,,,,,,,,,,,,,,,,,,,,,,,14
hsa04714,1337,6389,1340,1349,6603,656,788,10975,11343,1537,29796,115,6602,4710,23028,9658,6598,5346,1355,4722,10632,6605,6009,2475,4704,6196,4705,10488,4711,6199,9551,4537,4512,4709,28958,4716,4708,,,,,,,,,,,,,,,,,,,,,,,,,,,,,,,,,,,,,,,,,,,,,,,,,,,,,,,,,,,,,37
hsa04720,5331,817,10411,2890,6196,2903,673,23236,814,369,,,,,,,,,,,,,,,,,,,,,,,,,,,,,,,,,,,,,,,,,,,,,,,,,,,,,,,,,,,,,,,,,,,,,,,,,,,,,,,,,,,,,,,,10
hsa04721,163,1173,9296,6616,1785,533,6570,6857,10312,1212,6844,26052,535,22999,,,,,,,,,,,,,,,,,,,,,,,,,,,,,,,,,,,,,,,,,,,,,,,,,,,,,,,,,,,,,,,,,,,,,,,,,,,,,,,,,,,,14
hsa04722,817,25759,8767,397,9261,4803,25970,7531,4908,4914,581,10782,4915,356,6196,673,814,10019,10603,998,2549,,,,,,,,,,,,,,,,,,,,,,,,,,,,,,,,,,,,,,,,,,,,,,,,,,,,,,,,,,,,,,,,,,,,,,,,,,,,,21
hsa04723,23236,10681,2771,11343,2561,2555,115,5331,2570,4710,2554,2567,4722,22999,2890,4704,4705,4711,2556,2558,4537,2557,4709,4716,4708,2773,,,,,,,,,,,,,,,,,,,,,,,,,,,,,,,,,,,,,,,,,,,,,,,,,,,,,,,,,,,,,,,,,,,,,,,,26
hsa04724,23236,10681,2900,2771,115,5331,2903,2901,6512,1742,2752,2890,2744,10991,2897,2773,,,,,,,,,,,,,,,,,,,,,,,,,,,,,,,,,,,,,,,,,,,,,,,,,,,,,,,,,,,,,,,,,,,,,,,,,,,,,,,,,,16
hsa04725,817,23236,10681,2771,1133,115,5331,1136,1137,1103,43,10488,814,1139,1131,2773,,,,,,,,,,,,,,,,,,,,,,,,,,,,,,,,,,,,,,,,,,,,,,,,,,,,,,,,,,,,,,,,,,,,,,,,,,,,,,,,,,16
hsa04726,,,,,,,,,,,,,,,,,,,,,,,,,,,,,,,,,,,,,,,,,,,,,,,,,,,,,,,,,,,,,,,,,,,,,,,,,,,,,,,,,,,,,,,,,,,,,,,,,,0
hsa04727,10681,2571,2771,2561,2550,2555,115,2570,2554,2567,9001,6529,2752,9568,2744,10991,2556,2558,18,2557,2773,,,,,,,,,,,,,,,,,,,,,,,,,,,,,,,,,,,,,,,,,,,,,,,,,,,,,,,,,,,,,,,,,,,,,,,,,,,,,21
hsa04728,817,1312,23236,6570,10681,2771,1815,5331,2903,1816,2890,10488,3798,2773,,,,,,,,,,,,,,,,,,,,,,,,,,,,,,,,,,,,,,,,,,,,,,,,,,,,,,,,,,,,,,,,,,,,,,,,,,,,,,,,,,,,14
hsa04730,5331,2890,2771,673,23236,6261,2773,369,2768,,,,,,,,,,,,,,,,,,,,,,,,,,,,,,,,,,,,,,,,,,,,,,,,,,,,,,,,,,,,,,,,,,,,,,,,,,,,,,,,,,,,,,,,,9
hsa04740,,,,,,,,,,,,,,,,,,,,,,,,,,,,,,,,,,,,,,,,,,,,,,,,,,,,,,,,,,,,,,,,,,,,,,,,,,,,,,,,,,,,,,,,,,,,,,,,,,0
hsa04742,6326,2550,2555,2554,5030,29850,9568,2556,2558,1131,2557,3350,,,,,,,,,,,,,,,,,,,,,,,,,,,,,,,,,,,,,,,,,,,,,,,,,,,,,,,,,,,,,,,,,,,,,,,,,,,,,,,,,,,,,,12
hsa04744,6295,5145,6010,9187,2978,,,,,,,,,,,,,,,,,,,,,,,,,,,,,,,,,,,,,,,,,,,,,,,,,,,,,,,,,,,,,,,,,,,,,,,,,,,,,,,,,,,,,,,,,,,,,5
hsa04750,817,23236,3553,4803,1573,115,9311,5331,4914,,,,,,,,,,,,,,,,,,,,,,,,,,,,,,,,,,,,,,,,,,,,,,,,,,,,,,,,,,,,,,,,,,,,,,,,,,,,,,,,,,,,,,,,,9
hsa04810,4478,2254,7414,9564,2264,8976,7852,6387,4638,1133,2252,8874,9138,10298,10788,3696,10787,3689,7410,324,8822,9965,2768,81,8823,673,1729,10451,9087,10297,1131,369,998,2253,2263,,,,,,,,,,,,,,,,,,,,,,,,,,,,,,,,,,,,,,,,,,,,,,,,,,,,,,,,,,,,,,,35
hsa04910,25759,9021,8789,3098,868,6009,2475,673,6199,5261,10603,369,,,,,,,,,,,,,,,,,,,,,,,,,,,,,,,,,,,,,,,,,,,,,,,,,,,,,,,,,,,,,,,,,,,,,,,,,,,,,,,,,,,,,,12
hsa04911,,,,,,,,,,,,,,,,,,,,,,,,,,,,,,,,,,,,,,,,,,,,,,,,,,,,,,,,,,,,,,,,,,,,,,,,,,,,,,,,,,,,,,,,,,,,,,,,,,0
hsa04912,817,23236,4323,115,5331,4216,1839,998,,,,,,,,,,,,,,,,,,,,,,,,,,,,,,,,,,,,,,,,,,,,,,,,,,,,,,,,,,,,,,,,,,,,,,,,,,,,,,,,,,,,,,,,,,8
hsa04913,1573,6770,654,949,115,3284,1583,,,,,,,,,,,,,,,,,,,,,,,,,,,,,,,,,,,,,,,,,,,,,,,,,,,,,,,,,,,,,,,,,,,,,,,,,,,,,,,,,,,,,,,,,,,7
hsa04914,3326,8881,25847,2771,891,115,29882,5241,6196,673,994,369,2773,,,,,,,,,,,,,,,,,,,,,,,,,,,,,,,,,,,,,,,,,,,,,,,,,,,,,,,,,,,,,,,,,,,,,,,,,,,,,,,,,,,,,13
hsa04915,,,,,,,,,,,,,,,,,,,,,,,,,,,,,,,,,,,,,,,,,,,,,,,,,,,,,,,,,,,,,,,,,,,,,,,,,,,,,,,,,,,,,,,,,,,,,,,,,,0
hsa04916,817,23236,2771,115,5331,2535,1499,7471,10488,2773,,,,,,,,,,,,,,,,,,,,,,,,,,,,,,,,,,,,,,,,,,,,,,,,,,,,,,,,,,,,,,,,,,,,,,,,,,,,,,,,,,,,,,,,10
hsa04917,8600,25759,9021,8792,6514,6776,,,,,,,,,,,,,,,,,,,,,,,,,,,,,,,,,,,,,,,,,,,,,,,,,,,,,,,,,,,,,,,,,,,,,,,,,,,,,,,,,,,,,,,,,,,,6
hsa04918,5331,483,4036,23236,10488,7038,6528,2876,2877,115,,,,,,,,,,,,,,,,,,,,,,,,,,,,,,,,,,,,,,,,,,,,,,,,,,,,,,,,,,,,,,,,,,,,,,,,,,,,,,,,,,,,,,,,10
hsa04919,4851,9282,3091,4853,5350,23236,4193,4854,10499,9968,7067,8648,9882,1735,5331,3066,10025,23389,6513,652,9862,6009,1734,483,2475,9969,1499,1733,842,,,,,,,,,,,,,,,,,,,,,,,,,,,,,,,,,,,,,,,,,,,,,,,,,,,,,,,,,,,,,,,,,,,,,29
hsa04920,4852,10645,2475,9021,6513,5465,7133,7132,,,,,,,,,,,,,,,,,,,,,,,,,,,,,,,,,,,,,,,,,,,,,,,,,,,,,,,,,,,,,,,,,,,,,,,,,,,,,,,,,,,,,,,,,,8
hsa04921,817,782,23236,7226,6261,785,2773,10369,10645,2771,786,4638,29904,115,5331,4775,8536,10368,783,814,952,,,,,,,,,,,,,,,,,,,,,,,,,,,,,,,,,,,,,,,,,,,,,,,,,,,,,,,,,,,,,,,,,,,,,,,,,,,,,21
hsa04922,817,23236,6514,5331,5224,6513,5465,10488,5261,,,,,,,,,,,,,,,,,,,,,,,,,,,,,,,,,,,,,,,,,,,,,,,,,,,,,,,,,,,,,,,,,,,,,,,,,,,,,,,,,,,,,,,,,9
hsa04923,4852,2771,11343,5346,115,2773,,,,,,,,,,,,,,,,,,,,,,,,,,,,,,,,,,,,,,,,,,,,,,,,,,,,,,,,,,,,,,,,,,,,,,,,,,,,,,,,,,,,,,,,,,,,6
hsa04924,5331,9635,2771,23236,358,2773,,,,,,,,,,,,,,,,,,,,,,,,,,,,,,,,,,,,,,,,,,,,,,,,,,,,,,,,,,,,,,,,,,,,,,,,,,,,,,,,,,,,,,,,,,,,6
hsa04925,817,6770,23236,492,3164,115,5331,8536,1585,483,10488,8912,814,949,3284,1583,,,,,,,,,,,,,,,,,,,,,,,,,,,,,,,,,,,,,,,,,,,,,,,,,,,,,,,,,,,,,,,,,,,,,,,,,,,,,,,,,,16
hsa04926,25759,2277,23236,10681,408,2771,7422,6019,4312,115,5331,7048,2769,10488,2773,,,,,,,,,,,,,,,,,,,,,,,,,,,,,,,,,,,,,,,,,,,,,,,,,,,,,,,,,,,,,,,,,,,,,,,,,,,,,,,,,,,15
hsa04927,5331,6770,23236,10488,8912,3164,949,115,3284,1583,,,,,,,,,,,,,,,,,,,,,,,,,,,,,,,,,,,,,,,,,,,,,,,,,,,,,,,,,,,,,,,,,,,,,,,,,,,,,,,,,,,,,,,,10
hsa04928,23236,408,4323,846,8600,2771,9138,115,5331,7421,6569,1839,2768,1594,673,10488,369,2773,,,,,,,,,,,,,,,,,,,,,,,,,,,,,,,,,,,,,,,,,,,,,,,,,,,,,,,,,,,,,,,,,,,,,,,,,,,,,,,,18
hsa04930,3098,2475,9021,6514,,,,,,,,,,,,,,,,,,,,,,,,,,,,,,,,,,,,,,,,,,,,,,,,,,,,,,,,,,,,,,,,,,,,,,,,,,,,,,,,,,,,,,,,,,,,,,4
hsa04931,9021,10062,6945,6514,9882,28965,6513,5465,2673,2475,6196,10488,6199,3569,7132,,,,,,,,,,,,,,,,,,,,,,,,,,,,,,,,,,,,,,,,,,,,,,,,,,,,,,,,,,,,,,,,,,,,,,,,,,,,,,,,,,,15
hsa04932,1337,9021,1050,6389,10062,840,1340,1349,3553,10975,10018,6945,1537,29796,4710,841,4708,5465,581,4722,7494,356,4704,4705,4711,3569,4512,998,3570,4709,4716,7132,,,,,,,,,,,,,,,,,,,,,,,,,,,,,,,,,,,,,,,,,,,,,,,,,,,,,,,,,,,,,,,,,,32
hsa04933,23236,2277,7056,3383,3553,7422,27035,5331,6347,1536,6776,7048,581,1729,6401,3569,7043,998,,,,,,,,,,,,,,,,,,,,,,,,,,,,,,,,,,,,,,,,,,,,,,,,,,,,,,,,,,,,,,,,,,,,,,,,,,,,,,,,18
hsa04934,817,6770,23236,2771,3164,115,5331,324,9070,2535,1499,673,7471,10488,8912,10297,949,3284,2773,1583,,,,,,,,,,,,,,,,,,,,,,,,,,,,,,,,,,,,,,,,,,,,,,,,,,,,,,,,,,,,,,,,,,,,,,,,,,,,,,20
hsa04940,3382,3553,1363,941,356,3118,3123,3115,3133,2571,,,,,,,,,,,,,,,,,,,,,,,,,,,,,,,,,,,,,,,,,,,,,,,,,,,,,,,,,,,,,,,,,,,,,,,,,,,,,,,,,,,,,,,,10
hsa04950,3087,4760,4821,3280,3170,2494,6514,,,,,,,,,,,,,,,,,,,,,,,,,,,,,,,,,,,,,,,,,,,,,,,,,,,,,,,,,,,,,,,,,,,,,,,,,,,,,,,,,,,,,,,,,,,7
hsa04960,6446,483,3758,,,,,,,,,,,,,,,,,,,,,,,,,,,,,,,,,,,,,,,,,,,,,,,,,,,,,,,,,,,,,,,,,,,,,,,,,,,,,,,,,,,,,,,,,,,,,,,3
hsa04961,5331,7421,163,483,1173,1785,23236,8766,1212,115,26052,6546,,,,,,,,,,,,,,,,,,,,,,,,,,,,,,,,,,,,,,,,,,,,,,,,,,,,,,,,,,,,,,,,,,,,,,,,,,,,,,,,,,,,,,12
hsa04962,397,554,10488,10671,8766,10540,115,6844,1639,,,,,,,,,,,,,,,,,,,,,,,,,,,,,,,,,,,,,,,,,,,,,,,,,,,,,,,,,,,,,,,,,,,,,,,,,,,,,,,,,,,,,,,,,9
hsa04964,2746,483,2744,2747,358,10991,,,,,,,,,,,,,,,,,,,,,,,,,,,,,,,,,,,,,,,,,,,,,,,,,,,,,,,,,,,,,,,,,,,,,,,,,,,,,,,,,,,,,,,,,,,,6
hsa04966,1188,9296,10312,535,,,,,,,,,,,,,,,,,,,,,,,,,,,,,,,,,,,,,,,,,,,,,,,,,,,,,,,,,,,,,,,,,,,,,,,,,,,,,,,,,,,,,,,,,,,,,,4
hsa04970,1471,23236,492,1473,115,6844,5331,1470,3347,362,483,4589,1131,683,952,,,,,,,,,,,,,,,,,,,,,,,,,,,,,,,,,,,,,,,,,,,,,,,,,,,,,,,,,,,,,,,,,,,,,,,,,,,,,,,,,,,15
hsa04971,3274,5331,817,9992,483,6752,2771,3758,23236,4638,1131,115,2773,,,,,,,,,,,,,,,,,,,,,,,,,,,,,,,,,,,,,,,,,,,,,,,,,,,,,,,,,,,,,,,,,,,,,,,,,,,,,,,,,,,,,13
hsa04972,886,23236,1361,8766,492,9635,9545,115,5331,1811,483,1131,683,952,,,,,,,,,,,,,,,,,,,,,,,,,,,,,,,,,,,,,,,,,,,,,,,,,,,,,,,,,,,,,,,,,,,,,,,,,,,,,,,,,,,,14
hsa04973,2542,3098,483,6518,6514,,,,,,,,,,,,,,,,,,,,,,,,,,,,,,,,,,,,,,,,,,,,,,,,,,,,,,,,,,,,,,,,,,,,,,,,,,,,,,,,,,,,,,,,,,,,,5
hsa04974,1280,11136,1361,6546,1291,7373,6510,483,,,,,,,,,,,,,,,,,,,,,,,,,,,,,,,,,,,,,,,,,,,,,,,,,,,,,,,,,,,,,,,,,,,,,,,,,,,,,,,,,,,,,,,,,,8
hsa04975,10555,949,,,,,,,,,,,,,,,,,,,,,,,,,,,,,,,,,,,,,,,,,,,,,,,,,,,,,,,,,,,,,,,,,,,,,,,,,,,,,,,,,,,,,,,,,,,,,,,,2
hsa04976,5244,8647,483,6555,358,9376,6513,6822,570,949,115,,,,,,,,,,,,,,,,,,,,,,,,,,,,,,,,,,,,,,,,,,,,,,,,,,,,,,,,,,,,,,,,,,,,,,,,,,,,,,,,,,,,,,,11
hsa04977,6948,9963,686,949,,,,,,,,,,,,,,,,,,,,,,,,,,,,,,,,,,,,,,,,,,,,,,,,,,,,,,,,,,,,,,,,,,,,,,,,,,,,,,,,,,,,,,,,,,,,,,4
hsa04978,795,2495,7421,483,4490,4501,1811,6546,,,,,,,,,,,,,,,,,,,,,,,,,,,,,,,,,,,,,,,,,,,,,,,,,,,,,,,,,,,,,,,,,,,,,,,,,,,,,,,,,,,,,,,,,,8
hsa04979,1593,29116,9388,8647,706,6770,4036,7417,4023,7419,949,344,,,,,,,,,,,,,,,,,,,,,,,,,,,,,,,,,,,,,,,,,,,,,,,,,,,,,,,,,,,,,,,,,,,,,,,,,,,,,,,,,,,,,,12
hsa05010,1337,23236,6389,840,1340,823,7132,1349,3553,10975,1537,29796,5331,4710,2903,841,4722,10313,4704,4705,4711,2597,4023,4137,4512,4709,842,4716,4708,,,,,,,,,,,,,,,,,,,,,,,,,,,,,,,,,,,,,,,,,,,,,,,,,,,,,,,,,,,,,,,,,,,,,29
hsa05012,5413,1337,7326,6570,6389,1340,292,1349,2771,10975,7417,1537,29796,4710,291,7419,4722,4704,4705,4711,4537,4512,4709,842,4716,4708,2773,,,,,,,,,,,,,,,,,,,,,,,,,,,,,,,,,,,,,,,,,,,,,,,,,,,,,,,,,,,,,,,,,,,,,,,27
hsa05014,598,2890,6647,4741,2903,2876,847,1616,7133,842,7132,581,,,,,,,,,,,,,,,,,,,,,,,,,,,,,,,,,,,,,,,,,,,,,,,,,,,,,,,,,,,,,,,,,,,,,,,,,,,,,,,,,,,,,,12
hsa05016,6647,1337,23236,6389,5433,1340,1212,292,1349,163,5439,8632,10975,7417,1537,29796,2876,3064,5432,5331,6875,4710,291,3066,841,7419,10540,9001,3092,1639,581,4722,1742,1769,1173,4704,23186,4705,1770,10488,4711,5440,4512,7802,4709,4716,4708,842,,,,,,,,,,,,,,,,,,,,,,,,,,,,,,,,,,,,,,,,,,,,,,,,,,48
hsa05020,3553,713,4851,6647,735,3569,712,581,,,,,,,,,,,,,,,,,,,,,,,,,,,,,,,,,,,,,,,,,,,,,,,,,,,,,,,,,,,,,,,,,,,,,,,,,,,,,,,,,,,,,,,,,,8
hsa05030,1742,2771,2903,10488,6570,2773,,,,,,,,,,,,,,,,,,,,,,,,,,,,,,,,,,,,,,,,,,,,,,,,,,,,,,,,,,,,,,,,,,,,,,,,,,,,,,,,,,,,,,,,,,,,6
hsa05031,817,2890,2903,10488,6570,814,23237,,,,,,,,,,,,,,,,,,,,,,,,,,,,,,,,,,,,,,,,,,,,,,,,,,,,,,,,,,,,,,,,,,,,,,,,,,,,,,,,,,,,,,,,,,,7
hsa05032,27115,10681,408,2869,2771,2561,2550,2555,115,2570,2554,2567,9568,2556,2558,2557,2773,,,,,,,,,,,,,,,,,,,,,,,,,,,,,,,,,,,,,,,,,,,,,,,,,,,,,,,,,,,,,,,,,,,,,,,,,,,,,,,,,17
hsa05033,2570,2890,2903,2556,2561,1137,2558,2554,1139,2567,2557,2555,,,,,,,,,,,,,,,,,,,,,,,,,,,,,,,,,,,,,,,,,,,,,,,,,,,,,,,,,,,,,,,,,,,,,,,,,,,,,,,,,,,,,,12
hsa05034,25759,6570,10681,10645,2771,4852,3066,2903,3017,4915,673,10488,814,3014,3012,369,9759,2773,,,,,,,,,,,,,,,,,,,,,,,,,,,,,,,,,,,,,,,,,,,,,,,,,,,,,,,,,,,,,,,,,,,,,,,,,,,,,,,,18
hsa05100,2549,3611,7414,8976,1499,25759,391,1785,1212,29119,998,857,9564,26052,,,,,,,,,,,,,,,,,,,,,,,,,,,,,,,,,,,,,,,,,,,,,,,,,,,,,,,,,,,,,,,,,,,,,,,,,,,,,,,,,,,,14
hsa05110,537,10952,9296,533,23480,10312,115,375,535,,,,,,,,,,,,,,,,,,,,,,,,,,,,,,,,,,,,,,,,,,,,,,,,,,,,,,,,,,,,,,,,,,,,,,,,,,,,,,,,,,,,,,,,,9
hsa05120,537,9296,533,1445,10312,1839,998,535,,,,,,,,,,,,,,,,,,,,,,,,,,,,,,,,,,,,,,,,,,,,,,,,,,,,,,,,,,,,,,,,,,,,,,,,,,,,,,,,,,,,,,,,,,8
hsa05130,929,8976,1499,10381,7534,998,10382,,,,,,,,,,,,,,,,,,,,,,,,,,,,,,,,,,,,,,,,,,,,,,,,,,,,,,,,,,,,,,,,,,,,,,,,,,,,,,,,,,,,,,,,,,,7
hsa05131,7414,8976,1729,960,391,8767,998,,,,,,,,,,,,,,,,,,,,,,,,,,,,,,,,,,,,,,,,,,,,,,,,,,,,,,,,,,,,,,,,,,,,,,,,,,,,,,,,,,,,,,,,,,,7
hsa05132,929,2316,3553,8976,23207,29941,9560,29108,391,3569,998,2318,,,,,,,,,,,,,,,,,,,,,,,,,,,,,,,,,,,,,,,,,,,,,,,,,,,,,,,,,,,,,,,,,,,,,,,,,,,,,,,,,,,,,,12
hsa05133,3553,717,713,929,2771,3689,3569,840,2773,712,29108,,,,,,,,,,,,,,,,,,,,,,,,,,,,,,,,,,,,,,,,,,,,,,,,,,,,,,,,,,,,,,,,,,,,,,,,,,,,,,,,,,,,,,,11
hsa05134,1917,23786,3553,929,1915,9554,3689,3312,841,664,3569,3297,10767,840,7097,29108,375,842,1378,7415,,,,,,,,,,,,,,,,,,,,,,,,,,,,,,,,,,,,,,,,,,,,,,,,,,,,,,,,,,,,,,,,,,,,,,,,,,,,,,20
hsa05140,3553,3689,3118,1536,7097,7043,3123,3115,1378,,,,,,,,,,,,,,,,,,,,,,,,,,,,,,,,,,,,,,,,,,,,,,,,,,,,,,,,,,,,,,,,,,,,,,,,,,,,,,,,,,,,,,,,,9
hsa05142,23236,3553,713,2771,10333,7097,5331,6347,841,919,7048,356,2769,3569,7043,712,7132,2773,,,,,,,,,,,,,,,,,,,,,,,,,,,,,,,,,,,,,,,,,,,,,,,,,,,,,,,,,,,,,,,,,,,,,,,,,,,,,,,,18
hsa05143,3553,5331,356,23236,3250,6401,3620,3569,7064,3383,,,,,,,,,,,,,,,,,,,,,,,,,,,,,,,,,,,,,,,,,,,,,,,,,,,,,,,,,,,,,,,,,,,,,,,,,,,,,,,,,,,,,,,,10
hsa05144,3553,6347,5175,3689,6401,3569,7059,959,7097,7043,1378,3383,,,,,,,,,,,,,,,,,,,,,,,,,,,,,,,,,,,,,,,,,,,,,,,,,,,,,,,,,,,,,,,,,,,,,,,,,,,,,,,,,,,,,,12
hsa05145,3118,598,2771,7097,3115,3312,841,959,7043,3123,842,10319,7132,2773,,,,,,,,,,,,,,,,,,,,,,,,,,,,,,,,,,,,,,,,,,,,,,,,,,,,,,,,,,,,,,,,,,,,,,,,,,,,,,,,,,,,14
hsa05146,929,7414,5275,23236,6317,3553,7097,5331,735,3689,6318,81,2769,3569,7043,10319,,,,,,,,,,,,,,,,,,,,,,,,,,,,,,,,,,,,,,,,,,,,,,,,,,,,,,,,,,,,,,,,,,,,,,,,,,,,,,,,,,16
hsa05150,717,713,3689,3118,1675,712,3123,2204,3383,3115,5724,,,,,,,,,,,,,,,,,,,,,,,,,,,,,,,,,,,,,,,,,,,,,,,,,,,,,,,,,,,,,,,,,,,,,,,,,,,,,,,,,,,,,,,11
hsa05152,817,929,3118,4800,8767,10332,1054,3447,3553,10333,533,1509,7097,3115,7421,11151,843,3689,841,6850,3449,3444,3443,535,581,537,4801,1594,3569,9902,10312,7043,3123,842,7132,5994,1378,,,,,,,,,,,,,,,,,,,,,,,,,,,,,,,,,,,,,,,,,,,,,,,,,,,,,,,,,,,,,37
hsa05160,9021,7533,10062,3447,4938,7532,7531,4940,7534,3454,841,5010,3449,3444,3443,5465,581,356,1499,673,8554,369,949,842,7132,,,,,,,,,,,,,,,,,,,,,,,,,,,,,,,,,,,,,,,,,,,,,,,,,,,,,,,,,,,,,,,,,,,,,,,,,25
hsa05161,3447,7534,10542,7097,3454,4775,843,841,7419,3449,3444,6776,1643,3443,581,537,356,10488,3569,7043,842,,,,,,,,,,,,,,,,,,,,,,,,,,,,,,,,,,,,,,,,,,,,,,,,,,,,,,,,,,,,,,,,,,,,,,,,,,,,,21
hsa05162,4478,4068,7128,4179,3718,10332,3447,3553,4938,4940,7097,3454,3312,3449,3444,6776,3443,868,356,1459,3569,25898,,,,,,,,,,,,,,,,,,,,,,,,,,,,,,,,,,,,,,,,,,,,,,,,,,,,,,,,,,,,,,,,,,,,,,,,,,,,22
hsa05163,23236,10681,4193,3447,9564,3553,2771,1232,7422,7852,6891,7188,6387,9138,115,3133,5331,6347,4775,9560,841,6890,3449,3444,3443,581,2768,6009,2475,356,1499,10488,6199,3569,3570,842,7132,2773,,,,,,,,,,,,,,,,,,,,,,,,,,,,,,,,,,,,,,,,,,,,,,,,,,,,,,,,,,,,38
hsa05164,9021,3118,3447,3383,3553,4938,5045,4940,3115,3454,6347,3312,3449,3444,11100,3443,29108,356,3267,7706,3569,10898,3123,3337,842,7132,,,,,,,,,,,,,,,,,,,,,,,,,,,,,,,,,,,,,,,,,,,,,,,,,,,,,,,,,,,,,,,,,,,,,,,,26
hsa05165,1280,4851,9296,4853,11317,7059,3447,7132,1291,3381,7422,26508,533,10474,3696,3133,3454,3066,841,1108,4193,3449,324,3444,3443,9794,535,545,581,2535,537,6009,2475,356,1499,7471,10488,4854,6199,8638,3280,10297,10312,998,10319,,,,,,,,,,,,,,,,,,,,,,,,,,,,,,,,,,,,,,,,,,,,,,,,,,,,,45
hsa05166,9232,3118,3718,292,3383,598,8881,2874,7417,701,4055,115,3115,3133,4316,291,4775,9184,3689,29882,6513,7419,6776,7048,545,581,11200,706,4801,23373,10488,3569,7043,3123,7132,,,,,,,,,,,,,,,,,,,,,,,,,,,,,,,,,,,,,,,,,,,,,,,,,,,,,,,,,,,,,,,35
hsa05167,3091,10681,3447,3383,9261,1232,7422,1233,3133,3454,4775,841,6850,3449,3444,3443,9976,581,2475,1499,1237,3569,842,7132,,,,,,,,,,,,,,,,,,,,,,,,,,,,,,,,,,,,,,,,,,,,,,,,,,,,,,,,,,,,,,,,,,,,,,,,,,24
hsa05168,8864,9021,3118,708,3447,6877,3553,4938,6502,4940,6891,7188,5187,7097,8740,3115,3133,3454,6875,6347,6884,25833,841,6890,3449,3444,9569,3443,8764,10445,356,1459,3569,1616,3123,7132,,,,,,,,,,,,,,,,,,,,,,,,,,,,,,,,,,,,,,,,,,,,,,,,,,,,,,,,,,,,,,36
hsa05169,6850,7128,3118,4193,3718,3447,3383,4938,6502,4940,10018,9612,6891,7188,7097,22938,3115,3133,8819,3454,9541,3066,841,6890,864,3449,3444,5713,919,1643,3443,581,9861,4616,960,3280,3569,3123,11317,842,,,,,,,,,,,,,,,,,,,,,,,,,,,,,,,,,,,,,,,,,,,,,,,,,,,,,,,,,,40
hsa05170,8905,10681,3447,598,2771,9582,7852,6891,7188,25939,891,7097,10298,3133,4775,841,6890,8065,3449,3444,919,3443,7133,8906,581,545,6923,2475,356,6199,842,7132,2773,,,,,,,,,,,,,,,,,,,,,,,,,,,,,,,,,,,,,,,,,,,,,,,,,,,,,,,,,,,,,,,,,33
hsa05200,1164,1728,2254,7704,2277,1050,4854,1488,2771,6502,10018,4312,2956,324,3444,6776,652,26508,9965,581,6923,367,5228,369,11186,3570,842,817,5467,1613,3091,23236,3447,2252,10928,2952,3594,3066,1643,7048,2535,2768,356,1499,673,6199,3280,2263,4851,7175,7428,4853,3481,4193,3718,840,3326,2264,7852,7422,6387,8648,9138,2735,3454,5331,4914,861,841,4824,3443,29119,2939,2475,3569,10297,7043,23401,2253,2773,10681,10023,598,2938,7188,9002,115,3597,6513,3449,238,8822,4616,8823,7471,998,10319,97
hsa05202,8864,929,7704,1050,4005,8861,4193,6692,7490,598,3087,7468,1053,4298,4914,3066,861,1643,7048,581,4616,3569,,,,,,,,,,,,,,,,,,,,,,,,,,,,,,,,,,,,,,,,,,,,,,,,,,,,,,,,,,,,,,,,,,,,,,,,,,,,22
hsa05203,7533,28973,4193,3718,2961,9261,7532,1232,6502,7531,7188,7534,1233,4055,22938,3133,3066,841,3249,2960,7419,6850,6776,3017,581,81,2966,1237,10488,1108,11317,998,9759,,,,,,,,,,,,,,,,,,,,,,,,,,,,,,,,,,,,,,,,,,,,,,,,,,,,,,,,,,,,,,,,,33
hsa05204,1557,220,1551,2952,2938,1553,10720,6822,1139,6817,2939,,,,,,,,,,,,,,,,,,,,,,,,,,,,,,,,,,,,,,,,,,,,,,,,,,,,,,,,,,,,,,,,,,,,,,,,,,,,,,,,,,,,,,,11
hsa05205,817,29102,4478,3091,2316,3481,4193,857,7422,3316,7097,9138,286,7410,1839,2535,2475,356,673,960,1499,7471,6199,369,998,2318,2549,,,,,,,,,,,,,,,,,,,,,,,,,,,,,,,,,,,,,,,,,,,,,,,,,,,,,,,,,,,,,,,,,,,,,,,27
hsa05206,4851,4853,4193,4854,4170,7422,10018,6768,672,10298,10253,7329,324,659,23414,6541,9839,2475,960,2744,994,10297,11186,1786,9759,,,,,,,,,,,,,,,,,,,,,,,,,,,,,,,,,,,,,,,,,,,,,,,,,,,,,,,,,,,,,,,,,,,,,,,,,25
hsa05210,10018,2069,2956,324,1643,7048,581,4616,2475,1499,673,6199,10297,7043,369,842,,,,,,,,,,,,,,,,,,,,,,,,,,,,,,,,,,,,,,,,,,,,,,,,,,,,,,,,,,,,,,,,,,,,,,,,,,,,,,,,,,16
hsa05211,6923,7428,3091,7422,673,6513,7043,369,998,10298,2549,,,,,,,,,,,,,,,,,,,,,,,,,,,,,,,,,,,,,,,,,,,,,,,,,,,,,,,,,,,,,,,,,,,,,,,,,,,,,,,,,,,,,,,11
hsa05212,598,4616,2475,673,7422,581,6199,1643,7043,369,998,842,10928,7048,,,,,,,,,,,,,,,,,,,,,,,,,,,,,,,,,,,,,,,,,,,,,,,,,,,,,,,,,,,,,,,,,,,,,,,,,,,,,,,,,,,,14
hsa05213,4616,3611,1499,673,581,324,10297,1643,29119,369,842,,,,,,,,,,,,,,,,,,,,,,,,,,,,,,,,,,,,,,,,,,,,,,,,,,,,,,,,,,,,,,,,,,,,,,,,,,,,,,,,,,,,,,,11
hsa05214,817,4616,8536,2475,25759,673,581,814,4193,1643,369,,,,,,,,,,,,,,,,,,,,,,,,,,,,,,,,,,,,,,,,,,,,,,,,,,,,,,,,,,,,,,,,,,,,,,,,,,,,,,,,,,,,,,,11
hsa05215,4193,6692,3326,4824,6716,2475,367,1499,673,10488,369,842,2263,,,,,,,,,,,,,,,,,,,,,,,,,,,,,,,,,,,,,,,,,,,,,,,,,,,,,,,,,,,,,,,,,,,,,,,,,,,,,,,,,,,,,13
hsa05216,4616,4914,7175,1499,673,1643,581,,,,,,,,,,,,,,,,,,,,,,,,,,,,,,,,,,,,,,,,,,,,,,,,,,,,,,,,,,,,,,,,,,,,,,,,,,,,,,,,,,,,,,,,,,,7
hsa05217,4616,1499,581,7471,324,10297,1643,652,2735,2535,,,,,,,,,,,,,,,,,,,,,,,,,,,,,,,,,,,,,,,,,,,,,,,,,,,,,,,,,,,,,,,,,,,,,,,,,,,,,,,,,,,,,,,,10
hsa05218,4616,8823,2254,673,581,4193,8822,2252,1643,369,2253,9965,,,,,,,,,,,,,,,,,,,,,,,,,,,,,,,,,,,,,,,,,,,,,,,,,,,,,,,,,,,,,,,,,,,,,,,,,,,,,,,,,,,,,,12
hsa05219,1613,673,7422,4193,4312,1839,369,11186,,,,,,,,,,,,,,,,,,,,,,,,,,,,,,,,,,,,,,,,,,,,,,,,,,,,,,,,,,,,,,,,,,,,,,,,,,,,,,,,,,,,,,,,,,8
hsa05220,598,1488,4616,9846,3066,673,25759,581,861,4193,6776,1643,7043,369,7048,,,,,,,,,,,,,,,,,,,,,,,,,,,,,,,,,,,,,,,,,,,,,,,,,,,,,,,,,,,,,,,,,,,,,,,,,,,,,,,,,,,15
hsa05221,8864,929,5467,2475,7704,673,861,1050,1053,6199,6776,369,,,,,,,,,,,,,,,,,,,,,,,,,,,,,,,,,,,,,,,,,,,,,,,,,,,,,,,,,,,,,,,,,,,,,,,,,,,,,,,,,,,,,,12
hsa05222,1164,598,6502,7188,1643,581,4616,842,10319,,,,,,,,,,,,,,,,,,,,,,,,,,,,,,,,,,,,,,,,,,,,,,,,,,,,,,,,,,,,,,,,,,,,,,,,,,,,,,,,,,,,,,,,,9
hsa05223,4616,673,581,3718,238,6776,1643,11186,369,842,,,,,,,,,,,,,,,,,,,,,,,,,,,,,,,,,,,,,,,,,,,,,,,,,,,,,,,,,,,,,,,,,,,,,,,,,,,,,,,,,,,,,,,,10
hsa05224,4851,2254,4853,25759,10023,4854,8600,2252,8648,672,5241,324,8822,1643,26508,9965,581,2535,4616,8823,2475,1499,673,7471,6199,3280,10297,23401,369,2253,,,,,,,,,,,,,,,,,,,,,,,,,,,,,,,,,,,,,,,,,,,,,,,,,,,,,,,,,,,,,,,,,,,,30
hsa05225,1728,25759,3481,10023,598,6603,2938,6602,2952,6598,324,1643,2939,7048,581,2535,4616,6605,2475,1499,673,7471,6199,10297,7043,23401,369,2549,,,,,,,,,,,,,,,,,,,,,,,,,,,,,,,,,,,,,,,,,,,,,,,,,,,,,,,,,,,,,,,,,,,,,,28
hsa05226,2254,25759,10023,2252,324,8822,1643,29119,7048,9965,581,2535,4616,8823,2475,1499,673,7471,6199,10297,7043,23401,369,2253,2549,2263,,,,,,,,,,,,,,,,,,,,,,,,,,,,,,,,,,,,,,,,,,,,,,,,,,,,,,,,,,,,,,,,,,,,,,,,26
hsa05230,9997,3098,4914,2475,3091,2744,5224,5213,6513,23410,6514,6510,5163,8140,2263,,,,,,,,,,,,,,,,,,,,,,,,,,,,,,,,,,,,,,,,,,,,,,,,,,,,,,,,,,,,,,,,,,,,,,,,,,,,,,,,,,,15
hsa05231,3091,8526,8976,9162,10434,1606,1119,1608,6009,2475,10810,6199,6583,,,,,,,,,,,,,,,,,,,,,,,,,,,,,,,,,,,,,,,,,,,,,,,,,,,,,,,,,,,,,,,,,,,,,,,,,,,,,,,,,,,,,13
hsa05310,2205,6356,3118,2206,959,3123,3115,6037,,,,,,,,,,,,,,,,,,,,,,,,,,,,,,,,,,,,,,,,,,,,,,,,,,,,,,,,,,,,,,,,,,,,,,,,,,,,,,,,,,,,,,,,,,8
hsa05320,941,356,7038,3118,3449,3444,959,3443,3123,3447,1493,3115,3133,,,,,,,,,,,,,,,,,,,,,,,,,,,,,,,,,,,,,,,,,,,,,,,,,,,,,,,,,,,,,,,,,,,,,,,,,,,,,,,,,,,,,13
hsa05321,3553,8809,3594,30009,3118,3569,7097,7043,3123,3115,,,,,,,,,,,,,,,,,,,,,,,,,,,,,,,,,,,,,,,,,,,,,,,,,,,,,,,,,,,,,,,,,,,,,,,,,,,,,,,,,,,,,,,,10
hsa05322,6737,6628,3118,6738,717,713,3115,735,2903,959,3017,81,941,3014,3012,3123,712,,,,,,,,,,,,,,,,,,,,,,,,,,,,,,,,,,,,,,,,,,,,,,,,,,,,,,,,,,,,,,,,,,,,,,,,,,,,,,,,,17
hsa05323,9296,3118,3383,3553,8600,7422,533,6387,7097,4312,3115,6347,3689,8792,535,537,941,3569,10312,7043,3123,7010,1493,,,,,,,,,,,,,,,,,,,,,,,,,,,,,,,,,,,,,,,,,,,,,,,,,,,,,,,,,,,,,,,,,,,,,,,,,,,23
hsa05330,941,356,3118,959,3123,3115,3133,,,,,,,,,,,,,,,,,,,,,,,,,,,,,,,,,,,,,,,,,,,,,,,,,,,,,,,,,,,,,,,,,,,,,,,,,,,,,,,,,,,,,,,,,,,7
hsa05332,3553,941,356,3118,3569,3123,3821,3115,3803,3133,,,,,,,,,,,,,,,,,,,,,,,,,,,,,,,,,,,,,,,,,,,,,,,,,,,,,,,,,,,,,,,,,,,,,,,,,,,,,,,,,,,,,,,,10
hsa05340,926,6891,6890,3718,959,326,5994,,,,,,,,,,,,,,,,,,,,,,,,,,,,,,,,,,,,,,,,,,,,,,,,,,,,,,,,,,,,,,,,,,,,,,,,,,,,,,,,,,,,,,,,,,,7
hsa05410,782,785,10369,6546,786,3696,70,10368,783,1674,7139,3569,7043,4000,7134,,,,,,,,,,,,,,,,,,,,,,,,,,,,,,,,,,,,,,,,,,,,,,,,,,,,,,,,,,,,,,,,,,,,,,,,,,,,,,,,,,,15
hsa05412,782,786,1499,10368,2697,6546,783,1674,785,4000,10369,29119,3696,,,,,,,,,,,,,,,,,,,,,,,,,,,,,,,,,,,,,,,,,,,,,,,,,,,,,,,,,,,,,,,,,,,,,,,,,,,,,,,,,,,,,13
hsa05414,782,5350,785,10369,6546,786,115,3696,70,10368,783,1674,7139,7043,4000,7134,,,,,,,,,,,,,,,,,,,,,,,,,,,,,,,,,,,,,,,,,,,,,,,,,,,,,,,,,,,,,,,,,,,,,,,,,,,,,,,,,,16
hsa05416,941,1604,3689,841,3118,959,857,1982,3123,3115,842,3133,3383,,,,,,,,,,,,,,,,,,,,,,,,,,,,,,,,,,,,,,,,,,,,,,,,,,,,,,,,,,,,,,,,,,,,,,,,,,,,,,,,,,,,,13
hsa05418,1728,857,3326,7056,3383,3553,6613,2938,7422,6612,27035,1843,6347,2952,652,2939,659,5175,1499,6401,445,92,90,7132,,,,,,,,,,,,,,,,,,,,,,,,,,,,,,,,,,,,,,,,,,,,,,,,,,,,,,,,,,,,,,,,,,,,,,,,,,24
